-5.000000000000000278e-02 -5.000000000000000278e-02
7.249999999999999500e-02 -5.000000000000000278e-02
1.950000000000000067e-01 -5.000000000000000278e-02
3.175000000000000044e-01 -5.000000000000000278e-02
4.400000000000000022e-01 -5.000000000000000278e-02
5.625000000000000000e-01 -5.000000000000000278e-02
6.849999999999999423e-01 -5.000000000000000278e-02
8.074999999999998845e-01 -5.000000000000000278e-02
9.299999999999999378e-01 -5.000000000000000278e-02
1.052499999999999991e+00 -5.000000000000000278e-02
-5.000000000000000278e-02 7.249999999999999500e-02
7.249999999999999500e-02 7.249999999999999500e-02
1.950000000000000067e-01 7.249999999999999500e-02
3.175000000000000044e-01 7.249999999999999500e-02
4.400000000000000022e-01 7.249999999999999500e-02
5.625000000000000000e-01 7.249999999999999500e-02
6.849999999999999423e-01 7.249999999999999500e-02
8.074999999999998845e-01 7.249999999999999500e-02
9.299999999999999378e-01 7.249999999999999500e-02
1.052499999999999991e+00 7.249999999999999500e-02
-5.000000000000000278e-02 1.950000000000000067e-01
7.249999999999999500e-02 1.950000000000000067e-01
1.950000000000000067e-01 1.950000000000000067e-01
3.175000000000000044e-01 1.950000000000000067e-01
4.400000000000000022e-01 1.950000000000000067e-01
5.625000000000000000e-01 1.950000000000000067e-01
6.849999999999999423e-01 1.950000000000000067e-01
8.074999999999998845e-01 1.950000000000000067e-01
9.299999999999999378e-01 1.950000000000000067e-01
1.052499999999999991e+00 1.950000000000000067e-01
-5.000000000000000278e-02 3.175000000000000044e-01
7.249999999999999500e-02 3.175000000000000044e-01
1.950000000000000067e-01 3.175000000000000044e-01
3.175000000000000044e-01 3.175000000000000044e-01
4.400000000000000022e-01 3.175000000000000044e-01
5.625000000000000000e-01 3.175000000000000044e-01
6.849999999999999423e-01 3.175000000000000044e-01
8.074999999999998845e-01 3.175000000000000044e-01
9.299999999999999378e-01 3.175000000000000044e-01
1.052499999999999991e+00 3.175000000000000044e-01
-5.000000000000000278e-02 4.400000000000000022e-01
7.249999999999999500e-02 4.400000000000000022e-01
1.950000000000000067e-01 4.400000000000000022e-01
3.175000000000000044e-01 4.400000000000000022e-01
4.400000000000000022e-01 4.400000000000000022e-01
5.625000000000000000e-01 4.400000000000000022e-01
6.849999999999999423e-01 4.400000000000000022e-01
8.074999999999998845e-01 4.400000000000000022e-01
9.299999999999999378e-01 4.400000000000000022e-01
1.052499999999999991e+00 4.400000000000000022e-01
-5.000000000000000278e-02 5.625000000000000000e-01
7.249999999999999500e-02 5.625000000000000000e-01
1.950000000000000067e-01 5.625000000000000000e-01
3.175000000000000044e-01 5.625000000000000000e-01
4.400000000000000022e-01 5.625000000000000000e-01
5.625000000000000000e-01 5.625000000000000000e-01
6.849999999999999423e-01 5.625000000000000000e-01
8.074999999999998845e-01 5.625000000000000000e-01
9.299999999999999378e-01 5.625000000000000000e-01
1.052499999999999991e+00 5.625000000000000000e-01
-5.000000000000000278e-02 6.849999999999999423e-01
7.249999999999999500e-02 6.849999999999999423e-01
1.950000000000000067e-01 6.849999999999999423e-01
3.175000000000000044e-01 6.849999999999999423e-01
4.400000000000000022e-01 6.849999999999999423e-01
5.625000000000000000e-01 6.849999999999999423e-01
6.849999999999999423e-01 6.849999999999999423e-01
8.074999999999998845e-01 6.849999999999999423e-01
9.299999999999999378e-01 6.849999999999999423e-01
1.052499999999999991e+00 6.849999999999999423e-01
-5.000000000000000278e-02 8.074999999999998845e-01
7.249999999999999500e-02 8.074999999999998845e-01
1.950000000000000067e-01 8.074999999999998845e-01
3.175000000000000044e-01 8.074999999999998845e-01
4.400000000000000022e-01 8.074999999999998845e-01
5.625000000000000000e-01 8.074999999999998845e-01
6.849999999999999423e-01 8.074999999999998845e-01
8.074999999999998845e-01 8.074999999999998845e-01
9.299999999999999378e-01 8.074999999999998845e-01
1.052499999999999991e+00 8.074999999999998845e-01
-5.000000000000000278e-02 9.299999999999999378e-01
7.249999999999999500e-02 9.299999999999999378e-01
1.950000000000000067e-01 9.299999999999999378e-01
3.175000000000000044e-01 9.299999999999999378e-01
4.400000000000000022e-01 9.299999999999999378e-01
5.625000000000000000e-01 9.299999999999999378e-01
6.849999999999999423e-01 9.299999999999999378e-01
8.074999999999998845e-01 9.299999999999999378e-01
9.299999999999999378e-01 9.299999999999999378e-01
1.052499999999999991e+00 9.299999999999999378e-01
-5.000000000000000278e-02 1.052499999999999991e+00
7.249999999999999500e-02 1.052499999999999991e+00
1.950000000000000067e-01 1.052499999999999991e+00
3.175000000000000044e-01 1.052499999999999991e+00
4.400000000000000022e-01 1.052499999999999991e+00
5.625000000000000000e-01 1.052499999999999991e+00
6.849999999999999423e-01 1.052499999999999991e+00
8.074999999999998845e-01 1.052499999999999991e+00
9.299999999999999378e-01 1.052499999999999991e+00
1.052499999999999991e+00 1.052499999999999991e+00
