4.659176991106284693e-01 5.817704426537542162e-01
4.403075553354940386e-01 5.615439331183126326e-01
4.408589710569637554e-01 4.548647967431656003e-01
2.712285139018387747e-01 4.381293725177902165e-01
7.412492200093434569e-01 6.100356823844770293e-01
4.884292547073543211e-01 3.444208909207218117e-01
4.484955718620846077e-01 3.508624625370556083e-01
6.814479967405303595e-01 2.811459436359098341e-01
3.857719125552439565e-01 5.199678965665320840e-01
7.851453646568931077e-01 3.815193809301568040e-01
3.426333408081326248e-01 3.443017091640920291e-01
5.758146580960399330e-01 5.668328861030494936e-01
4.215394725242162521e-01 4.958546630015135959e-01
6.621344369887034453e-01 7.984494699116979621e-01
8.987223179077796775e-01 5.126460636358372014e-01
7.715537722023394496e-01 5.153977554843742759e-01
3.841414341287321399e-01 4.062987832316489190e-02
7.972732878863698636e-01 4.466003050426907151e-01
4.042035045718778141e-01 5.023172348463089687e-01
5.433838017428928024e-01 4.429813962651233394e-01
4.139138832925206568e-01 8.513907009064248799e-01
7.439096801695628258e-01 7.161297229635538164e-01
5.406393602067499637e-01 4.754212637943457387e-01
4.997926955509565672e-01 4.918607133443524404e-01
3.292065248488336149e-01 3.279854909663215690e-01
2.009952930615218070e-01 6.205449468374594213e-01
4.157599785099136414e-01 1.761146377227350568e-01
3.987222564128974356e-01 5.136756726282035723e-01
4.866820915099769329e-01 5.952266945068160897e-01
2.927241374946731867e-01 5.324601823484768071e-01
6.185638449993513532e-01 4.491980516718514505e-01
4.278023249927584981e-01 5.526345027077973482e-01
4.495962849185568544e-01 5.566756859925180434e-01
2.788197333674852230e-01 3.491959575911985914e-01
4.954482519588173095e-01 4.812678978330494073e-01
4.369703266834876199e-01 4.946430001217199113e-01
5.525649208225905662e-01 4.880019379322255157e-01
1.651704926288117270e-01 4.474122644201450893e-01
3.765628193726233142e-01 4.128455133634669205e-01
8.337903118623039012e-01 7.474714083103838336e-01
4.973132291820861473e-01 4.514052852428339091e-01
5.139494094206681352e-01 5.693431373465877021e-01
5.539164690761906318e-01 5.179425097103718123e-01
2.991603596380156826e-01 1.791283742750779395e-01
2.445699810567615595e-01 7.641863800378436711e-01
7.529409149862222872e-01 2.213528238497830536e-01
1.519299849463058294e-01 2.566376366826373934e-01
4.645493826941726745e-02 5.099358462101851730e-01
7.044529934904932844e-01 4.646778680138733408e-01
5.469421121435442679e-01 3.833966177647243900e-01
5.681444970413461748e-01 5.053639531012492636e-01
4.215899549025103887e-01 4.709506860134919370e-01
4.456522417792898039e-01 5.174143341581242117e-01
5.045544220922694167e-01 6.976741213731679769e-02
4.201915723381572931e-01 6.089913221113940622e-01
3.721937224807841949e-01 8.178214493782924865e-01
3.063389354689411981e-01 1.966591929308602049e-01
5.268953371459688118e-01 3.633383792657147726e-01
5.570541672573853242e-01 5.223767851681991869e-01
7.962533495371351133e-01 1.239008477679959808e-01
4.938162943842705488e-01 5.496004771200910799e-01
9.654879801333422495e-01 4.977903431781802168e-01
4.589829468362425779e-01 5.615281984511925062e-01
1.808336544800861478e-01 5.220952090691872716e-01
3.283350132327932935e-01 8.246513475961965156e-01
3.679795506635198388e-01 3.304037724115641561e-01
2.922119293161825615e-01 5.817024312077516690e-01
2.252054188900951548e-01 2.713647109008004987e-01
5.063258301581241572e-01 5.645809609789087524e-01
8.453314899666590776e-01 4.397188528528688800e-01
4.841356636924429857e-01 4.622743729176756466e-01
4.496483492190220810e-01 2.139279904340897209e-01
1.513386721295894577e-01 5.587515811884230521e-01
2.107200419669165159e-01 6.439044582439918951e-01
3.243161838375696604e-01 4.263921688779929164e-01
4.892572848511131944e-01 6.481106775627487604e-01
5.567382357025458806e-01 4.601510130822825673e-01
1.914213791272582621e-01 1.958065217717785966e-01
2.303219951720302250e-01 7.018943487545328264e-01
5.274593174138484386e-01 3.669463127358831844e-01
4.405706393730460246e-01 4.234388337931667134e-01
6.594960883029067356e-01 1.188623803179088001e-01
4.517434153345208370e-01 5.401118192282887698e-01
8.336852133879638638e-01 6.036018756435118648e-01
6.563359991514758907e-01 6.595433890620767681e-01
6.224221877877817999e-01 5.617565702090315805e-01
4.547741851504683019e-01 5.247818425672632348e-01
3.234557179205000965e-01 7.873677402466465747e-01
6.499371750975090345e-01 4.171935243588617559e-01
4.352509849788825935e-01 5.934947859165531359e-01
5.669330710813265117e-01 5.919874400373753565e-01
4.816918483707086640e-01 6.069418748356814053e-01
4.817773511001992581e-01 4.146843653447651601e-01
4.303649187516011554e-01 4.713343847408529852e-01
7.727891411870946303e-01 6.390110904564093586e-01
1.462907180947960462e-01 1.718647582136196839e-01
3.991372407958884150e-01 3.464197236004263325e-01
4.982292381762975508e-01 5.898416408130597866e-01
7.309774181866466325e-01 8.004081239530180802e-01
3.999429125778694027e-01 4.180352541008707790e-01
6.184687145694416355e-01 4.519579772038363474e-01
4.214374729366991978e-01 5.799202140737114153e-01
4.608653264326229571e-01 4.603332984899000668e-01
4.260104573433022845e-01 1.185375429058431185e-01
4.772856796526753209e-01 4.990369471116187783e-01
5.225650068379240620e-01 3.456518130127256283e-01
2.821895422618545535e-01 6.560599448031495529e-01
5.808511946919717728e-01 4.732186009479946720e-01
6.793404182075324371e-02 5.225563041905688655e-01
4.877904717540217927e-01 4.203114406839222328e-01
7.095419575888636254e-01 4.098142901154092632e-01
1.338103884085009021e-01 6.865113770845331365e-01
3.634256972451976875e-01 8.716370827225079498e-01
5.105377492451406152e-01 6.226016667359877133e-01
2.350517479118091058e-01 6.029048389589553025e-01
4.817279699330910270e-01 4.302109543270177250e-01
6.284211652505036216e-01 1.947981874857973028e-01
8.407275680849483068e-01 5.214499146766945481e-01
2.778869640667208096e-01 2.526207954743887596e-01
2.541147602552636386e-01 5.684528866157139149e-01
6.459545586313160115e-01 5.107810582406520084e-01
2.783041238602775302e-01 8.536568511071221943e-01
5.201140709271725449e-01 5.963662982560260506e-01
4.790474648134785407e-01 2.706256544343226267e-01
4.229290183974623307e-01 4.171348259243007339e-01
6.463100429188537444e-01 5.678383280759886631e-01
8.094200730474216954e-01 5.948765685634909151e-01
5.551556005052912246e-01 3.393639978895379716e-01
4.510140005407578534e-01 4.850635095754528003e-01
8.334672513602136013e-01 3.989753248274225395e-01
6.134553325674804158e-01 6.579401425648043755e-01
5.717037066523256161e-01 1.692102482135863784e-01
2.080835691888651140e-01 4.356882432098920233e-01
2.506784816998246512e-01 3.007290456378304278e-01
6.041387955110862906e-01 5.666511042579986945e-01
7.800989770412218860e-01 8.943793204411039088e-01
4.311864834857551121e-01 4.655976951086407412e-01
5.487928466623193113e-01 4.897299055234969334e-01
4.773853155073217724e-01 4.535897593244108683e-01
4.241592869897196083e-01 4.380928952988728531e-01
5.444183562193265491e-01 3.949494377775522591e-01
3.166033787624563667e-01 7.022883973513696088e-01
2.168017475153292684e-01 1.555118528597348448e-01
5.414799030180172945e-01 3.698893878350856812e-01
1.750095803654754256e-01 5.279414377567134276e-01
4.903602661313519184e-01 4.759944188908624141e-01
3.273374927287555636e-01 9.455851053004580287e-01
3.030909951158077265e-01 3.810552654570435460e-01
7.673321375991142279e-01 4.722854653484617193e-01
5.895603064273855498e-01 8.503454954121192344e-01
2.516564781262485839e-01 3.375024407146645644e-01
9.262539274294367964e-01 4.887319507565499599e-01
5.629795548869090949e-01 5.040182369565036069e-01
4.749351177257565837e-01 5.140628936667984705e-01
3.350896840884795558e-01 5.863665756897004089e-01
4.223577190651809921e-01 4.871132871219694405e-01
5.140073305869520270e-01 4.899122715883239554e-01
5.912741056616077628e-01 8.041705866954114157e-01
5.364492112740387730e-01 7.990448978680163572e-01
5.057705253130431178e-01 4.447208507717925197e-01
4.615845950950548393e-01 8.417470560342377173e-01
4.285775578761479299e-01 4.040051943653851230e-01
7.746717592066585389e-01 5.132406779686687903e-01
5.528657781011282468e-01 8.473117329055730451e-01
6.068326691757950364e-01 4.886001908366676694e-01
4.798468204074243237e-01 1.875367066948496753e-01
4.592781485420518450e-01 2.453103154186672408e-01
3.899091688985053539e-01 7.350273181939622757e-01
7.474609150794454537e-01 7.579096023821895178e-01
2.169418082730981689e-01 2.127364672721311356e-01
5.125522969691295172e-01 4.328295874609679461e-01
4.406308911456863209e-01 4.967515031237899059e-01
1.749723967290295890e-01 3.691090340882393628e-01
6.252772115338245396e-01 4.798251473049239268e-01
5.655218700475964644e-01 8.970680899915559614e-01
6.901912613058767132e-01 4.368144352286912335e-01
1.139130104818805167e-01 6.455667176859736234e-01
8.929234840042168386e-01 6.049951594720139880e-01
4.191882476338987251e-01 3.214141818282696961e-01
4.100858081803203103e-01 4.336028495144646500e-01
3.839540839170028086e-01 5.704923326844824061e-01
7.629465828933630345e-01 4.046226602305280640e-01
5.453860563351404789e-01 4.024014967926602404e-01
4.852938797612131316e-01 5.673877613276899767e-01
1.925005128481616090e-01 6.023779807760123450e-01
2.351499590169698894e-01 2.707926413851846070e-01
7.905885842640335559e-01 4.906264668127645612e-01
4.430013189423593900e-01 5.003929142855244594e-01
2.522753919357899610e-01 3.759550892388112131e-01
4.955161310136740882e-02 4.707353523765047121e-01
6.020014254727497072e-01 8.014534865408561304e-01
7.105888551206698267e-01 7.738676345736510420e-01
3.276273046477718442e-01 2.922942700805257754e-01
3.758401431446210528e-01 8.795570527198290911e-01
8.973287158134104491e-01 5.828680797926211188e-01
5.282889048251705466e-01 4.223554769933672848e-01
2.257472467704135788e-01 6.291158392057946136e-01
5.997601777388723576e-01 8.444800491015393984e-01
5.359904588150155025e-01 3.709175927327753586e-01
6.387401750557375468e-01 8.477212723223852553e-01
2.484564468477616361e-01 7.231580840708842217e-01
4.907121814349413302e-01 4.217025184537071536e-01
2.180119175826485400e-01 6.356021370885169830e-01
5.092970981998108382e-01 3.368327263939731586e-01
5.210244350689107184e-01 4.747746778129880996e-01
4.276402539595096086e-01 9.506693861971369230e-01
6.424656937054219474e-01 8.608016934170492629e-01
4.624757716430820675e-01 7.673776246438437365e-01
3.372734939425904299e-01 2.307191303407458705e-01
6.211211213695988498e-01 4.198662275439071223e-01
5.171225166340905899e-01 4.755721173493504539e-01
4.763343979701255559e-01 5.360333378601243037e-01
5.831881359483805927e-01 5.322521330342093737e-01
4.686423700112848367e-01 4.761634046895153460e-01
4.257445077080899143e-01 3.975073995696129514e-01
8.009717729182666002e-01 4.504670776816698807e-01
6.057965246965031358e-01 9.586277704924273113e-01
4.706346560554642844e-01 6.584154677966916891e-01
8.057362245624254404e-01 5.606019831011264110e-01
5.298993565460786703e-01 2.782393769197057387e-01
4.938504340448210961e-01 5.586239306959498441e-01
4.184596380664492576e-01 5.332208106918260304e-01
5.037070842030917373e-01 1.006759100624441405e-01
2.850810106571489699e-01 7.609736262937643048e-01
8.235156590945728050e-01 3.232701620889071314e-01
5.623592759968342181e-01 5.255546886239853555e-01
4.886710138438495332e-01 5.862645942541195865e-01
3.776372657421008805e-01 5.566041199020916874e-01
5.138774711035341003e-01 5.755772248496537902e-02
6.352606122705510838e-01 4.739005114966088894e-01
3.050394323780425410e-01 1.913580968070586752e-01
3.400003544358922714e-01 8.983280864613938377e-01
4.808499471191990393e-01 4.452670791857222810e-01
3.499927624473778698e-01 5.756890062721548018e-01
6.488858282446443582e-01 2.204545832422446505e-01
6.742339985137346670e-01 3.845511876392364581e-01
4.264531285535714256e-01 4.307826220717752563e-01
5.235819362801998889e-01 5.096303619462692058e-01
4.295579643474374265e-01 4.031065432893993772e-01
5.031174428643881980e-01 3.433739981784874606e-01
4.765213052679459493e-01 4.656973476704233117e-01
3.961957576195639930e-01 6.965883103718286673e-01
7.081281523856239879e-01 7.256904973901134870e-01
8.144501116807547625e-01 8.446557620583996506e-01
4.154754260555325041e-01 4.055252806466307924e-01
9.348158354505494705e-01 6.049125235559080771e-01
8.448598905735800191e-01 3.234956417396240846e-01
7.825131703862981958e-01 7.972925739867873229e-01
5.640249423152727815e-01 8.223704750482260240e-01
7.974091519586821164e-01 6.576411406662723280e-01
1.160060580533363583e-01 5.582606587979656032e-01
6.132971389873386192e-01 8.670698081423713344e-01
4.354739936064643824e-01 6.317362852934451656e-01
4.124087706595733205e-01 3.978702551161220069e-01
6.387095482036566629e-01 5.970313625257170909e-01
4.335664769627485260e-01 5.113715033429738765e-01
4.738618784621928537e-01 8.764677780464271706e-01
5.484384776438495646e-01 6.001957904407854150e-01
4.743039554840589034e-01 6.348435758722875688e-01
8.296763253162995344e-01 4.749183079472388269e-01
5.062423647877195565e-01 5.591629660955478309e-01
4.377888528200816198e-01 4.833108095568097173e-01
5.117976731165888582e-01 4.331671052893425466e-01
5.334921341280091101e-02 3.008396815223948195e-01
2.587812394280363248e-01 7.041634835672158088e-01
4.381083136488047591e-01 6.096403398764892456e-01
6.231041157278744969e-01 4.940667636772105298e-01
4.137257198869178088e-01 1.838776589115553861e-01
7.151703693634118286e-01 3.867470346566344030e-01
8.760678850537162443e-01 5.930517766468689222e-01
5.510858469296385787e-01 3.658578054817418490e-01
5.656792206823669789e-01 4.990483004098654196e-01
4.855198873537568405e-01 8.050412047328452392e-01
4.153872642644663715e-01 4.683086173324343959e-01
1.159748451092248445e-01 5.796364278401312520e-01
2.954842039295731415e-01 8.869934685076894532e-01
5.745824624772566391e-01 1.881644609881261698e-01
1.481860508786482789e-01 5.600274762190209366e-01
4.162882605269695446e-01 6.155220639416452144e-01
7.725752874144680149e-01 4.881464704647997532e-01
4.545876212694952012e-01 5.012698781975443163e-01
5.418157696543820512e-01 2.685702270453987905e-01
3.463670959906695046e-01 7.348351303170905791e-01
8.453706394717985795e-01 2.957413232889694599e-01
6.198772666714154056e-01 4.895643913043715156e-01
4.561063651750629777e-01 1.275250758493719494e-01
5.297527001518878009e-01 3.818926943524488249e-01
4.577343397490207799e-01 4.941255898238853805e-01
4.423358549763204972e-01 6.099807142767470491e-01
6.335702486275178735e-01 7.854079265959017508e-01
4.891421778867783843e-01 5.711783908242423768e-01
4.415946933363379956e-01 6.802332899500871388e-01
2.542558633871336848e-01 4.794575715034742336e-01
2.142363799543975378e-01 7.525595895346351982e-01
5.197747966826801180e-01 7.655117454562212487e-01
3.749488366055540589e-01 5.326683881981176816e-01
5.160575179823073677e-01 1.245419316013015587e-01
2.349301874160371617e-01 3.932316808026550814e-01
6.115837840711555451e-01 6.880842426926230271e-01
5.134699864589942209e-01 4.365452708037927398e-01
4.392088060625967683e-01 6.455038548080189731e-01
6.366392916515475342e-01 4.507840689562180314e-01
4.311959416714700177e-01 6.012835227179941233e-01
6.103358523104209787e-01 5.502192509088303929e-01
8.073762557782804272e-03 3.103832114677781417e-01
5.357329273491497901e-01 5.470334650429380385e-01
6.224471977165484393e-01 3.943393022850307794e-01
2.409575992081919860e-01 2.394610057252938851e-01
4.068537183043881011e-01 4.765190528303278050e-01
7.027540563391608819e-01 4.175445528369464143e-01
4.473208922180109126e-01 1.542693637855587219e-01
5.356150470067445601e-01 3.922213905527105471e-01
4.279645345789131472e-01 4.719660172911129825e-01
7.835714965612917693e-01 2.911643620986972270e-01
5.555557659706061857e-01 3.859317910015138686e-01
5.650671677383387603e-01 5.550643626207101278e-01
3.652582255907305675e-01 1.633150509932569383e-01
5.409101025733614732e-01 1.017176795962113633e-01
3.527490987716116466e-01 7.729957218368888050e-01
4.357650691896740036e-01 4.480661407367855231e-01
7.933354220274371205e-01 5.235911894719740278e-01
4.662125937008245735e-01 3.732951708172734251e-01
3.585635980499048969e-01 2.102803600892158564e-01
4.326166562192447773e-01 4.860422618142004603e-01
4.627386007895484821e-01 5.180099106328718284e-01
3.231912000355475767e-01 5.689143552635288481e-01
8.415038747566305766e-01 4.173234124564373371e-01
4.344730995846929344e-01 5.231777432121749172e-01
5.893865448355684045e-01 5.749023243436447439e-01
6.614704871805255904e-01 1.558432192720812237e-01
1.644726875460859605e-01 5.078934254436018314e-01
6.509496523640145860e-01 4.760996540565360924e-01
5.288826739789956877e-01 4.424037708881117803e-01
1.361938903678738821e-01 6.993799246847909323e-01
3.968591689523982557e-01 2.128880101534744718e-01
3.592036749115786742e-01 7.277009345156565390e-01
5.738163359092232074e-01 1.887424803504930693e-01
6.274623558655337829e-01 2.989055254515436411e-01
7.682855020381547106e-01 5.313502057749547314e-01
3.526680547423765022e-01 5.412689115606796886e-01
7.499008031601144264e-01 3.972311780993568742e-01
8.351312538597681634e-01 4.681696701673879191e-01
4.042717080425654586e-01 6.171939470246441406e-01
4.148341391084388041e-01 2.138809388880407170e-01
2.654766370206519399e-01 6.610335355501775201e-01
1.191047607362106242e-01 4.368887735386040583e-01
4.531926128176980706e-01 9.122195599867433113e-01
4.927353805322067792e-01 5.852636438451064294e-01
3.877177395843831031e-01 6.111595356586413397e-01
2.677544547466257918e-01 8.916437903910523488e-01
6.735228597692332064e-01 7.728062511142715918e-01
5.553136187724659889e-01 4.633604342843422041e-01
5.281893585811636704e-01 5.706783867900622198e-01
1.718983024941910798e-01 4.943632644118971520e-01
6.607680312672656875e-01 7.562717917904373532e-01
3.224007002874108574e-01 7.699504985782650301e-01
6.375103611948966797e-01 5.382375624342261577e-02
5.976219322423095281e-01 2.499978612307940107e-01
4.989809904195803836e-01 4.608875107147428207e-01
6.084755914118193942e-01 3.416334844803227688e-01
5.827534766422157730e-01 3.845536379959331175e-01
5.275002095110510325e-01 5.625545087383602150e-01
7.844230394397003758e-01 5.593270454784731172e-01
4.289971469217419009e-01 5.725490541842142012e-01
7.406537331147825531e-01 5.059829842652872056e-01
2.854306910130166575e-01 7.455048762664411299e-01
6.635689665367621171e-01 8.451862196661524829e-02
8.809097408262438478e-01 4.326968718183423213e-01
2.315389293015743810e-01 5.945001510720936411e-01
4.587183661344939045e-01 4.748072758379602853e-01
7.468166184344593450e-01 5.179961913504681492e-01
4.973391832816946856e-01 2.234788907391279111e-01
2.065983272089602085e-01 3.535100186755012475e-01
2.926456725370890632e-01 2.124645125920813227e-01
2.097707070588268885e-01 4.627385056659007456e-01
9.620981060640798610e-02 8.481162497745760032e-01
4.222906879054296736e-01 5.163365452350862084e-01
6.897649328128563351e-01 2.821620791145038054e-01
4.091924086079277156e-01 3.227054914042079004e-01
6.237547409242811813e-01 7.676560886748458046e-01
5.584047929328940230e-01 4.083631087441688678e-01
4.395996691337101803e-01 2.790634830898530705e-02
5.766356337143805355e-01 6.018051867686509127e-01
8.079243554063053612e-01 7.455425961546545688e-01
8.304913425572781893e-01 3.240606329463937008e-01
4.862173835355712015e-01 4.966442844281919178e-01
4.805660144215552210e-01 3.685801008176322613e-01
3.672183080351490991e-01 6.569901881013482381e-01
4.786729649558019162e-01 6.725375312966513919e-01
8.189826796741002113e-01 2.608839991612136866e-01
5.661507291658147700e-01 3.840171123907295536e-01
4.022993106767855931e-01 5.064434531506846193e-01
2.249135946638370909e-01 5.296226041721090461e-01
3.020637143333962937e-01 5.555247301983379238e-01
5.331564330033762289e-01 4.565225710727240371e-01
5.313232248486845499e-01 5.405628187175317567e-01
5.869665906223325846e-01 4.505731916909637702e-01
4.305441809430917699e-01 4.729205552813822711e-01
5.014150856234625975e-01 1.678018628375443910e-01
5.501023889988795323e-01 9.144140348111321481e-01
4.472577077596406880e-01 4.986851598767592653e-01
4.787505118045229380e-01 3.594213686952489883e-01
3.063569968433306756e-01 5.260542047215440720e-01
6.321098075961756324e-01 7.030951512824084038e-01
5.442736828370231539e-01 5.708345188868449993e-01
6.881272145863734924e-01 1.509253789052823480e-01
3.827770358294353970e-01 4.613990574398186828e-01
1.045786772416575361e-01 3.133886330242485752e-01
4.360119902473392761e-01 5.797665653297948696e-01
2.142675135964441369e-01 9.255728269694288857e-01
4.969905175398883768e-01 3.725169779403479930e-01
7.885165340180508853e-01 4.202371751815396350e-01
5.188125814446936657e-01 6.120919913292357517e-01
4.659899346468439618e-01 3.954144038324732269e-01
8.515262007547429457e-01 4.970847064855904440e-01
5.593218352704574237e-01 2.335398793923394445e-01
4.589639735368412077e-01 6.291311589731564125e-01
6.165650163165241615e-01 1.008394325473990771e-01
5.463160479431956595e-01 4.061511154001014035e-01
3.307245972724112137e-01 3.835594576615710127e-01
5.846029150365966709e-01 5.359272760751445652e-01
4.752428888236546745e-01 6.011637261828577383e-01
5.065745665745200466e-01 5.927509613063048910e-01
1.386937680290226127e-01 4.982714262947484096e-01
4.383854591771347842e-01 3.731027951604449777e-01
4.442054788532249221e-01 4.191702866411247674e-01
4.805161968592037147e-01 9.744131639411603985e-01
4.039623264968832395e-01 7.767552546250069412e-01
5.567258637837824153e-01 4.257646184949908652e-01
1.006889975904885492e-01 4.591514365252493124e-01
3.815357772363979771e-01 4.104734863099500641e-01
7.637807785383863290e-01 2.883728947762705941e-01
4.477492580648111398e-01 2.226957349354917737e-01
2.582620554025286674e-01 4.388294032472450645e-01
5.580888387633744507e-01 1.722969777849925888e-01
4.815095894251611996e-01 4.664683934207690674e-01
7.760009344623474137e-01 6.233350414454174038e-01
4.378073894171156111e-01 7.978395378218055001e-01
5.380204309272926810e-01 5.880504219763827978e-01
5.057134620094982935e-01 5.644030594725972794e-01
6.292480367930884944e-01 3.602948772329259697e-01
4.869045427837353501e-01 4.481698230119793291e-01
9.036088767903063257e-01 5.198124251692811670e-01
6.968563500049451687e-01 7.979171614576887617e-01
7.190606902567047154e-01 2.454081450306941081e-01
5.004435017978193789e-01 5.544486590353223665e-01
3.573707900439393459e-01 4.469494408391846418e-01
4.491599848896472014e-01 5.444941557829267031e-01
4.693030929990039679e-01 5.328046878500629635e-01
7.340202544386774663e-01 8.341557749883952155e-01
9.900396713149800521e-02 4.433967627074692497e-01
5.501878173370778891e-01 5.161684543845400652e-01
1.969484739588266975e-01 6.698935079401087123e-01
1.615361266037108612e-01 7.662557533914108321e-01
3.060998879417030083e-01 2.510452439718417472e-01
4.129531158282102044e-01 6.477514322045367923e-01
8.083704077418181200e-01 5.366528637571937876e-01
4.522450400518738811e-01 1.063415286533080373e-01
2.155689456947056382e-01 1.528306420487438033e-01
4.875897736123841475e-01 4.555332007570115915e-01
3.042490494352757535e-01 2.260548222024379994e-01
5.032459524977390686e-01 1.140941076529973786e-01
4.025126341661863227e-01 4.356401429679673809e-01
6.412982569679922529e-01 7.777875356142041063e-01
5.391509803652236865e-01 3.618119523753098310e-01
4.310408642545257019e-01 4.031483476234206109e-01
4.797363277886685928e-01 4.345624481107691062e-01
4.017269376874123554e-01 1.388593057735415526e-01
6.053899325815215171e-01 2.642742781028426524e-01
2.088218205958693452e-01 3.935204186772441326e-01
3.572529255670970905e-01 3.687134487957929863e-01
5.324982665179012198e-01 4.967738629610962686e-01
7.962854441982987197e-01 4.508902921208390313e-01
2.681011101941702668e-01 2.590236344386837031e-01
4.841408869195618636e-01 4.939885373855011919e-01
7.349891442567660915e-01 3.055030714317967799e-01
4.854137435805897516e-01 4.984556710500341881e-01
1.642453438194627080e-01 6.707103354780408200e-01
2.943966084365779445e-01 8.050736669611554541e-01
1.866312862325161248e-01 3.989053673070322992e-01
5.242109217601811366e-01 4.199935021126929291e-01
6.877174932973398880e-01 6.320586791607009092e-01
7.833067253645868977e-01 6.838932762221472395e-01
3.823343115630234434e-01 3.907311080319428864e-01
5.036520794924854716e-01 4.100811563193480502e-01
1.935464308818133361e-01 7.401516398888339232e-01
3.771382061504537919e-01 4.904257096704228713e-01
5.412875475647764834e-01 5.733436284400904581e-01
4.870594932219969309e-01 5.011217042180905468e-01
5.277992112110932998e-01 5.409148748623112679e-01
4.963357911105004683e-01 4.728926355930632708e-01
5.294234883892259269e-01 5.537775179624692123e-01
3.837768656028393566e-01 5.508542717289430790e-01
3.623642215908517983e-01 7.882987061142214813e-01
7.021529957055960836e-01 5.061319879171761738e-01
3.997816491978353204e-01 4.338570349717922325e-01
5.925496064932043172e-01 2.522671697952884040e-01
5.174600575029925098e-01 4.965061387155227934e-01
5.623074232003693051e-01 1.380925195118757887e-01
8.544940857654359512e-01 4.666744645183046325e-01
4.610138465254171591e-01 4.743208369071199582e-01
1.922690694104616793e-01 3.260107170823663969e-01
2.415160867498175323e-01 1.312624457831865210e-01
3.075796716173139211e-01 3.670884562383308625e-01
3.106345723902069755e-01 1.311749743764556442e-01
3.882461826249645198e-01 5.906396967835775280e-01
4.476875509142868581e-01 4.708747770257847853e-01
5.187193092789937898e-01 7.089843584621590145e-01
4.297291147828677937e-01 3.998554452491300815e-01
6.257824327331027447e-01 4.443422231364009822e-01
5.850790350997867595e-01 6.048383262467045274e-01
1.938768321399487182e-01 5.106813901333165928e-01
4.621207629372718340e-01 5.009677926552794647e-01
4.484337652266048857e-01 9.227244996769773389e-01
5.306149636808435988e-01 4.851345020024164234e-01
6.783413771312041263e-01 5.689193527331641853e-01
3.345688585857162223e-01 4.476965858418987532e-01
7.375313626937890499e-01 2.094499825334996679e-01
7.884286859164343353e-01 4.560997799766395300e-01
3.953517330164274535e-01 5.866686175790134516e-01
6.819171680099975763e-01 5.494891263377262858e-01
3.431864931678045849e-01 5.317773553865614566e-01
5.589303187200025391e-01 7.189645453463852087e-01
5.696158860106937949e-01 8.066063773670988368e-01
4.664775575447510092e-01 5.449886700095459835e-01
2.410154474959200765e-01 2.382769707885353250e-01
6.103568688112266383e-01 3.409540861773036613e-01
6.790160084579208721e-01 7.781095956890373699e-01
6.235623665102532076e-01 5.529598811806666347e-01
7.376036675726457270e-01 8.575627387860715878e-01
6.549984903281237392e-01 1.987036701940042005e-01
5.809649129707872284e-02 5.370167675585144629e-01
1.852459466750195904e-01 5.467739168288787699e-01
8.018490161784699310e-01 3.900308592973399380e-01
6.082948365458485940e-01 5.058543004547346733e-01
2.878643629470438170e-01 5.910250402867922581e-01
1.416814430115285184e-01 3.611635689365516599e-01
2.997350999647445668e-01 1.831299677841368712e-01
3.038798154092131609e-01 6.674536259817267503e-01
4.998880814549135909e-01 1.759114672438485405e-01
5.676203310107917899e-01 5.540060837214121348e-01
5.376024946880035849e-01 5.574681682089708268e-01
3.825226404687711579e-01 8.450328055554470197e-01
7.075680788205682692e-01 7.428315726285640297e-01
5.544740840473130206e-01 4.425207429496651468e-01
4.631176041366398266e-01 4.972286698908895963e-01
4.907686443918342634e-01 6.416386646437906016e-01
8.159780104830268721e-01 5.226273102691670891e-01
9.178275672905675808e-01 4.396487517195555306e-01
5.355389408321927780e-01 3.584908054154208878e-01
4.138689896445600369e-01 1.417086147384786221e-01
7.044940305724084473e-02 3.341888912684980451e-01
4.315649810095993355e-01 4.191700508780096257e-01
3.440780579038057452e-01 1.017176692233987545e-01
3.978506144450228432e-01 4.092569878826875507e-01
5.283012129052906403e-01 6.486033597853222421e-01
4.812803077600121826e-01 5.842219473169431021e-01
6.962659232957219002e-01 1.084148030923769435e-01
6.012083542898248867e-01 7.738190493879097964e-01
4.673793004071588597e-01 5.757339983644770287e-01
6.646124335209657730e-01 1.730495115946968365e-01
5.685277248128003391e-01 8.699538934259629652e-01
6.330024785300844004e-01 2.795800825888324903e-01
8.486013543209285359e-01 5.953933868342226043e-01
4.650043151898528571e-01 4.539992027626120197e-01
3.736503332629599328e-01 8.764172661511724360e-01
5.294780052889135336e-01 4.499568910668473865e-01
5.128117119175451544e-01 4.555142151955520746e-01
7.716400281075835865e-01 6.129030886749613494e-01
6.183365109702733120e-01 5.102826664455021310e-01
4.152251457705866677e-01 4.940073247040448479e-01
4.341951758529629668e-01 7.678539286830732280e-01
4.300957338258160068e-01 4.186399220037539948e-02
6.954671294276861815e-01 4.282413631530613829e-01
6.066167419546810713e-01 9.018213119872182659e-01
7.432901599221044542e-01 3.835876392104990429e-01
5.063517600933915563e-01 3.639472704822983573e-01
8.431737325594492738e-01 4.195619636616940151e-01
5.254008012498838642e-01 3.100721154230559051e-01
3.340024854146825817e-01 7.415279450438967412e-01
5.359252837729342467e-01 4.247642438084647809e-01
5.933885545384569582e-01 5.539047952541895636e-01
4.085683261714727621e-01 5.882314314739216510e-01
2.063832525723393041e-01 5.949293707254742491e-01
5.345821766613617632e-01 2.736069154085158939e-01
1.000000000000000000e+00 6.303978126761438094e-01
4.010251076035849516e-01 3.058374747097919455e-02
5.647441300482081150e-01 4.553918112045868827e-01
4.590617903025391300e-01 4.672089553845649723e-01
9.052519342157869797e-01 3.470087176179498245e-01
6.116707168386493754e-01 7.779727580070729953e-01
4.560615697667221857e-01 5.818509094556558736e-01
5.846289875459994567e-01 6.913846731923556366e-01
1.506875731099252547e-01 2.194272908318956605e-01
4.589128062214459791e-01 1.964094268262256970e-01
5.695048686756248868e-01 5.056641537289684463e-01
4.047687698533239953e-01 5.121395758688521704e-01
6.741704955960048373e-01 8.747559112475262744e-01
1.702440594265586249e-01 5.748376870193543375e-01
5.777762361394670476e-01 5.491048593055631866e-01
8.531023938408777152e-01 5.574929475447685245e-01
5.597729625497522843e-01 4.473193723968826307e-01
6.120193440998620282e-01 5.302409583252509773e-01
4.498988698495546279e-01 6.140987279827491152e-01
5.077063176992578919e-01 3.878266433564907523e-01
5.537347782943179419e-01 4.648983093275513290e-01
4.649369545354731237e-01 8.815572731718961386e-01
7.129725203578243242e-01 1.932767963725844362e-01
2.919762305073458908e-01 4.883718175553529717e-01
6.399932164687606173e-01 5.348152327851221077e-01
3.883380615970787875e-01 5.885047702673316117e-01
6.921460568031329030e-01 1.805419614670932815e-01
5.034907606677320180e-01 4.921874148611065647e-01
6.984910517185937140e-01 4.062434716770507714e-01
3.912347210474321768e-01 5.054854255909642102e-01
5.382029754925288234e-01 4.854808787564490191e-01
6.417352036700099127e-01 4.966946534101017163e-01
7.485786402835981068e-01 2.265838752251476684e-01
4.022591517254648918e-01 4.934121373730732674e-01
5.707125291775853038e-01 4.550599769987432874e-01
6.163781570873210214e-01 8.044038092852412447e-01
4.405006466553229583e-01 4.154254846015847935e-01
6.382884718236845334e-01 5.837112882276360715e-01
3.027329194852154126e-01 2.192936453403017127e-01
3.265210787137832193e-01 4.236958941153035618e-01
4.152028550888629543e-01 4.771495659925665822e-01
5.184853061365201077e-01 5.017279072606429802e-01
7.938925675383754488e-01 6.582360240063619417e-01
1.544477576643122352e-01 3.403028011201063574e-01
5.063341436997756961e-01 4.831141061785910740e-01
4.507975336083708262e-01 7.776328638881560007e-01
9.080015226562691000e-01 6.259835219970460995e-01
6.456386914648114539e-01 5.191142388111763539e-01
6.483452658242571109e-01 1.006302458564605762e-01
4.800713750345018127e-01 4.446399016728944664e-01
8.192769287848695736e-01 4.124652584143120304e-01
7.875739498687335249e-01 4.502672393006271756e-01
3.309433775412471412e-01 4.376264016454173289e-01
5.510140461579412507e-01 4.529072446738628965e-01
4.577207223705375139e-01 4.928014324228263687e-01
3.745213865635248496e-01 4.129084115529467747e-01
3.711592306721864798e-01 8.091894173405166368e-01
4.587821250664732564e-01 5.286983040380561771e-01
4.432494056089865131e-01 3.879934062334222666e-01
4.770266554825851046e-01 3.718524789955481302e-01
4.359027168838275901e-01 4.627236105154146073e-01
4.180543660460688260e-01 8.221461399582604690e-01
1.643671435389207902e-01 6.720313974493651310e-01
8.226726500058698655e-01 3.600527101664693364e-01
2.854953530686357155e-01 1.880873658894878231e-01
1.488939328307228860e-01 5.814672233563251691e-01
8.023033228249005777e-01 7.214606496549871295e-01
4.676443963397264314e-01 1.349921519131833669e-01
5.015709784047409636e-01 8.134583817129393823e-01
5.765813014594709518e-01 4.744551236903526981e-01
2.062529981636899157e-01 7.583538849952768945e-01
6.190934824640395018e-01 5.201084229560278827e-01
6.490851331099769528e-01 1.592960555591846350e-01
7.496375425944313831e-01 6.337581345634824004e-01
2.023738521767662890e-01 5.394380880098208486e-01
3.745422740182630106e-01 4.729238439722072695e-01
6.406043892033022047e-01 5.202360366206093545e-01
4.938655826649419600e-01 4.198150669851143935e-01
7.781130400463276420e-01 5.169182367318103655e-01
3.045277356100770660e-01 5.136104109138203144e-01
6.394821252071487550e-01 6.256255025318950835e-01
5.244146916430673100e-01 3.878364684717957589e-01
4.900357037361960377e-01 4.559066709148487662e-01
6.225824927145678922e-02 4.310005184020845315e-01
0.000000000000000000e+00 4.659551108028734956e-01
5.809848180461957279e-01 3.164761238455512382e-01
8.619430855136192005e-01 3.376590793297353787e-01
5.312965478114463069e-01 4.917677276709416234e-01
5.377933043539160352e-01 4.816681871817390381e-01
5.888676146607763062e-01 5.293581418532600225e-01
5.047317988918976761e-01 3.903467141840994969e-01
1.219486588983205722e-01 1.465509022824596497e-01
7.379147827759564571e-01 1.875269976500535396e-01
5.269087007390540478e-01 3.842210727438593598e-01
1.279011408805427186e-01 4.737982325984233523e-01
7.678138533412894873e-01 3.003851771033078100e-01
7.499821302566050951e-01 7.958077012805058192e-01
4.707373961709187538e-01 3.353866639962893026e-01
6.294775204239024813e-01 4.613863147847890311e-01
4.402692082778125737e-01 5.063825098499311617e-01
1.228203681253605684e-01 6.000703992566008838e-01
6.347759709723220789e-01 5.173808983361649627e-01
3.826868035327063433e-01 5.493338952661812602e-01
5.355362569910590009e-01 4.762358297541772756e-01
3.603739479110551480e-01 5.536346949277533014e-01
4.012320190343410253e-01 4.047155474177218104e-01
4.492937707465283759e-01 4.491791381514497750e-01
5.040512868807862645e-01 2.667807021811754442e-01
3.570393326365257636e-01 2.702038029172320610e-01
6.715232828376057617e-01 7.831585161783105598e-01
6.421300582060867068e-01 2.213724626456021749e-01
4.937127760713316271e-01 5.613692352132975127e-01
5.153039334416934514e-01 6.052330402727505998e-01
5.503483384259085787e-01 5.352839846510430988e-01
4.793610432550614586e-01 4.482008575090720148e-01
3.125043141429018623e-01 8.201320177913083986e-01
1.527540120860160222e-01 7.056699130608974357e-01
5.959346088527917029e-01 5.273403334093399453e-01
7.829387066381684468e-01 5.840829034387462482e-01
4.480421321442398797e-01 7.606155316820419898e-01
2.823162286898581730e-01 7.683562672610955158e-01
4.827941870079797693e-01 5.810943127110690387e-01
5.344677502064932861e-01 2.431054854399273824e-01
8.679510439625293117e-01 3.125404753462894814e-01
4.891365823843432104e-01 6.673239549750686894e-01
8.000137473691273371e-01 2.441592415143351846e-01
5.484593325666736741e-01 4.585671319727148698e-01
4.994027063813628597e-01 9.100114088772506271e-01
1.043676544562571751e-01 4.029165784599699207e-01
6.513571762908773044e-01 7.601727269470668347e-01
5.291106760425142719e-01 6.103272812213508258e-01
3.682742603005049187e-01 5.770065147199077149e-01
6.723578117189755732e-01 6.242241566868340641e-01
2.029317362060259478e-01 5.215244750531043971e-01
4.368513464383306233e-01 4.439899810312268880e-01
6.366042487951278916e-01 8.964889532754567458e-01
5.372545492211205920e-01 5.238805229817680154e-01
2.200481194037717247e-01 5.058997769784735477e-01
4.896210492352573440e-01 3.173356877922020036e-01
4.464740042665475972e-01 4.176896251188264575e-01
2.051323850199829879e-01 6.957865953045163643e-01
4.632163303244442587e-01 5.473532369053214497e-01
4.816584689849915946e-01 5.532370972313913615e-01
4.926898933988178020e-01 6.852989102065797367e-01
4.615070625569152041e-01 5.071335963921899115e-01
2.796881098094225471e-01 6.318440427591658359e-01
6.026435343809521950e-01 5.833919396942613966e-01
5.188178805445265995e-01 5.932846166337378824e-01
5.147426464521618339e-01 4.794010270901758464e-01
5.865570909718340609e-01 4.562107922137308424e-01
5.032916014212108768e-01 2.052369877143732646e-01
6.098991735206972242e-01 9.427182876879141027e-01
2.458939523681502592e-01 2.576520438812496816e-01
1.616684178597982413e-01 4.545219603061506630e-01
4.392683847355413063e-01 6.297910741476733243e-01
8.355544831610957068e-01 4.546176309381884106e-01
7.149702606207302136e-01 4.564417521188033344e-01
5.015313254171622770e-01 5.111831181800245982e-01
6.889008884774874275e-01 4.971109233989803311e-01
6.345415505110940657e-01 1.553194516430968508e-01
5.333637571766592922e-01 4.233465305287252289e-01
4.768181261569570673e-02 4.449270707576638006e-01
4.121719650029447291e-01 9.929472642969054963e-01
1.516015757726758562e-01 6.645037801175996961e-01
4.729328986969113524e-01 5.346954601105016192e-01
4.904677197448110149e-01 2.092746045051083748e-01
7.359962916924053244e-01 7.471141188880776607e-01
6.029150504114497711e-01 7.942526134510308200e-01
8.033279300215928620e-01 5.225198339291772243e-01
3.801536478231129501e-01 1.449112123730127433e-01
2.058518759796142961e-01 7.218621485619730604e-01
4.436760668755893033e-01 4.162145472298037774e-01
5.114816033993230260e-01 8.332972769815937264e-01
3.420280113983142911e-01 4.184445271206285732e-01
4.744054845203382609e-01 5.931777743040125284e-01
3.665697183128214798e-01 5.567982597247269627e-01
4.330216698734582481e-01 1.497657497417459460e-01
2.332563855662647678e-01 8.107524081491295220e-01
4.592740357455314948e-01 4.641285492051444028e-01
4.967468069314706636e-01 5.122259830327237085e-01
1.414912528883331966e-01 3.351138134368286670e-01
1.496961501724434207e-01 4.130798535397497417e-01
5.629586228405029091e-01 5.205472993832069850e-01
4.003816128330622837e-01 8.039124619112886228e-02
4.683905857876758394e-01 3.778241067615197291e-01
4.828136672980869459e-01 5.799342065822938874e-01
5.680253988827710376e-01 4.265092259673417541e-01
3.600085400081460274e-01 4.544694313491636772e-01
5.799950104227460379e-01 4.066519052467765794e-01
3.941716656796909191e-01 4.707958646757313681e-01
4.420735033836950545e-01 5.096916268072320122e-01
7.340449083647295758e-01 2.421579126761128631e-01
5.756748617939255741e-01 2.131155394068836584e-01
6.141038764249215909e-01 8.608289407601739107e-01
5.755087275297081639e-01 1.206054505773960228e-01
4.748913607181357022e-01 3.965262426917115501e-01
6.152216066759419455e-01 7.468427516807611966e-01
4.786656516348365420e-01 3.831847289190102313e-01
4.045954195553149724e-01 4.122901614312457497e-01
5.236491681195021286e-01 4.395490342394611227e-01
2.037764948159208056e-01 3.332202674689633826e-01
8.844101332553091499e-01 4.741568026391118074e-01
1.564742151297944250e-01 5.356827739989841186e-01
5.805955702052729706e-01 5.192300614897689126e-01
3.608971050306534201e-01 7.457588932580052621e-01
5.038355437245056745e-01 5.722203968716298439e-01
5.236176099269008732e-01 6.379194886795021002e-01
2.162383934282179343e-01 5.583675303266529832e-01
3.744147233738350788e-01 7.858458073542291533e-01
3.024682627568064941e-01 1.872514867163355134e-01
2.277648349681959949e-01 7.411665661786700499e-01
5.443028238455871470e-01 3.673901954854984497e-01
4.694184850438882228e-01 8.281941909637757782e-01
8.965726702839280637e-01 5.737186331927318639e-01
4.135949688831357940e-01 4.631947438046004617e-01
4.750371504824696944e-01 5.230838196941229867e-01
5.899138140630444394e-01 5.507055842034906945e-01
9.584808181141379890e-02 2.476788133945856951e-01
4.626442601575443403e-01 5.047032693229337452e-01
2.645982421072327062e-01 2.811045809832069531e-01
5.847475536680204478e-01 2.935534375937883800e-01
5.416246487961218214e-01 4.124218590394627126e-01
1.593240896907041071e-01 6.461091199858233214e-01
4.209062197067825473e-01 3.944936736144581402e-01
4.814960399387147594e-01 5.545720829245682770e-01
4.952563221402581650e-01 5.417468885171858872e-01
3.633423468940166767e-01 6.383798635950819200e-01
5.009734475238949436e-01 5.535158094201565460e-01
5.164878224441107335e-01 5.205710892930913714e-01
9.606437164448125010e-01 6.611027111846821125e-01
2.904380261698126242e-01 4.640676188985897177e-01
3.529641572851478504e-01 4.997227007563193601e-01
6.672309518363623848e-01 7.534512118627734178e-01
8.049293686733827169e-01 6.034460983146349156e-01
5.397888500235208387e-01 8.050530385085641338e-01
4.884883292434255009e-01 4.475608629228439161e-01
3.807125706008228638e-01 4.362310603548005261e-01
4.655698171950140019e-02 4.850759514974584685e-01
3.812062798586034473e-01 4.371006587032766899e-01
4.401564473812669687e-01 5.597800473891612061e-01
7.954532778484058042e-01 3.592971711316841343e-01
4.671402097232987272e-01 7.348971868327682788e-01
4.441802430021064563e-01 5.376225890764613213e-01
5.655518699847449371e-01 1.756502983938775797e-01
3.845619491308905902e-01 3.551770463881698259e-01
2.847493670922076614e-01 3.025527342320119550e-01
3.654782773983817346e-01 1.876121500515477436e-01
3.807022293960500292e-01 2.139656058044886455e-02
4.299603826869458079e-01 5.898855251447912007e-01
6.199924056874287492e-01 4.754564877147742230e-01
5.705308586233287516e-01 6.392548545589590292e-01
3.252918413401763020e-01 7.331287406216958624e-01
6.308845372244185068e-01 4.777261842928177127e-01
4.823132424714259847e-01 4.241910638741798190e-01
8.165626463565274218e-01 6.224985942670769878e-01
4.334724952668544962e-01 4.312242663602771087e-01
5.486589059804941604e-01 5.457956294004588926e-01
5.396441693734417289e-01 6.062756010907965898e-01
4.751913813325018277e-01 4.168515301639229564e-01
5.547836916539781171e-01 4.262313298896240887e-01
3.591022974546154156e-01 1.093535950236158016e-01
5.182589342745246297e-01 4.543920686879528992e-01
2.368084317760601465e-01 2.787437773980305789e-01
3.371748109003753768e-01 3.925971282680981167e-01
6.566013003616154586e-01 2.804407258314167706e-01
6.395773604069161511e-01 4.686618461203793107e-01
2.613032431451527415e-01 4.896032594334455146e-01
6.106023631443940891e-01 6.396194652825649696e-01
5.750338869936305608e-01 4.329698874092643979e-01
1.991433041262342662e-01 2.889705328748926050e-01
3.985398892129812243e-01 8.223147630786846740e-01
7.547818341909111606e-01 2.598611616170150018e-01
4.095755159411226254e-01 4.616942985401618071e-01
7.517568424175311570e-01 5.775646853990183960e-01
5.195360814236467117e-01 5.723996036966103595e-01
7.818329366960811155e-01 5.003775032230203257e-01
6.457031611366124135e-01 6.172276150073124912e-01
8.465435039077372492e-01 7.780796052239021821e-01
1.339093596658386676e-01 6.345964562322201630e-01
5.045704266061173948e-01 5.435889975232429672e-01
7.539512150890921305e-01 4.690205759715234124e-01
5.573296573646239205e-01 6.096943621318707818e-01
5.063202830176802838e-01 4.642151316036292052e-01
5.254262861896653591e-01 4.442692516249572843e-01
5.355651186340305570e-01 5.402498728570156450e-01
2.089540212164852084e-01 6.964331003743444715e-01
1.116455287629716797e-01 4.180433683898618913e-01
3.207916747641331723e-01 9.157802497316508417e-02
3.302455683612700588e-01 5.264737552523269803e-01
5.384558108119158470e-01 1.133658501075148761e-01
5.278903789563509363e-01 6.134597583780487806e-01
5.715470302500993416e-01 5.531270939180480406e-01
6.947819406736812642e-01 2.980374182451978604e-01
1.778591352728650654e-01 9.204754197530304882e-01
1.245432564309649215e-01 6.826671686686602847e-01
7.885295276791229879e-01 2.945645984969875730e-01
6.041462080348614094e-02 5.799078287322806391e-01
7.183687090105156381e-01 4.670731762695597977e-01
4.340459966999439811e-01 4.721386577126671091e-01
1.442744700352651122e-01 5.941103367915376854e-01
5.517257902051508900e-01 3.967485792735384043e-01
4.634668382736024106e-01 6.157569842355643530e-01
4.719351490769346236e-01 5.239790286340230141e-01
4.919268138953271641e-01 6.985239493263794008e-01
1.326730622640306390e-01 8.139175612946386584e-02
5.250389289340294807e-01 5.658495657829379910e-01
7.463406703498218775e-01 3.846830408256123324e-01
5.714117183088677221e-01 4.807584730488521085e-01
5.669931388593556498e-01 5.386503389936833086e-01
1.961053700372821229e-01 4.190720435056888293e-01
3.244002035639188541e-01 2.496717585685295226e-01
3.553167712636822184e-01 5.574938407427647569e-01
3.610710087712604155e-01 4.361224486530496103e-01
3.917937697689052312e-01 7.355989776250553280e-01
5.772971619305589108e-01 3.438630274372903584e-01
3.024648926437112362e-01 2.975793711774626926e-01
4.995024933748314355e-01 6.023836696067123020e-01
4.322256736989713577e-01 5.416568050438035353e-01
1.029238486010840559e-01 4.688051768890439397e-01
7.214365025010951449e-01 3.144842629904012199e-01
5.573479693187018968e-01 5.238356613023138486e-01
3.710612259088852394e-01 8.788429075650631139e-01
5.833466905886451892e-01 5.679164385295232265e-01
4.624103510392226224e-01 8.240447214220709693e-01
5.276179701054544147e-01 6.267060228276635225e-01
7.242702522116067909e-01 8.901705970229658593e-01
4.588262627558015727e-01 6.921554936037918049e-01
4.270477824082983265e-01 3.516612549744827509e-01
1.450409606732225853e-01 4.767815905330485826e-01
2.039872571861968686e-01 3.141311345824836510e-01
4.870037547671406397e-01 4.058050610628360366e-01
5.815320754272470527e-01 6.332698480160822152e-01
1.853266954124101473e-01 4.362175451814292448e-01
4.823303730826859481e-01 6.746816044842032234e-01
3.867511034192502861e-01 5.850297139271948277e-01
5.267126642782836710e-01 4.799006462470126744e-01
2.750318996620344514e-01 2.690358508483157163e-01
7.274029076306409713e-01 5.847981481149578942e-01
4.951048207751090890e-01 1.041547218497514971e-01
4.805330411310410610e-01 5.062431832498942574e-01
2.724894602990402537e-01 5.411070942216008595e-01
5.904462337591876997e-01 5.790105928174842376e-01
3.161717897182206860e-01 7.170451361719809569e-01
5.150238539647922220e-01 5.925980763711011789e-01
3.067054909691001585e-01 6.271857828947553504e-01
5.496180899802185493e-01 1.568926201269306708e-01
3.926200523238715934e-01 7.779081514409690312e-01
4.752394095699519760e-01 1.293080361579901361e-02
6.860703196032897910e-01 6.885785541918469921e-01
1.068670706477206633e-01 3.826513093967863766e-01
5.319331524837547231e-01 8.178681256838391533e-01
5.216301930470856885e-01 4.582854023536810928e-01
3.252754002007545164e-01 4.997100995079649666e-01
4.995247915547282314e-01 4.150553513238369741e-01
6.433908130080203680e-01 2.647550160481365600e-01
5.358134879143984231e-01 8.183633040957798421e-01
7.789983279095146207e-01 1.908246983666983532e-01
8.364885952019087689e-01 7.147494398292921769e-01
4.982286954142093327e-01 6.261551437105143947e-01
2.764466981951043123e-01 1.455938321871584340e-01
5.765772004199658518e-01 8.486804401623569971e-01
3.225730265416290599e-01 7.506636538458627550e-01
7.435815708291895199e-01 5.630044050840476988e-01
3.393178303317633260e-01 7.713704375453735995e-01
3.606147501832545621e-01 4.405720931807720619e-01
5.893247151408004258e-01 2.124665554360087305e-01
3.257448092016039798e-01 5.170990356876712379e-01
5.764270009847445309e-01 4.668090246427513135e-01
8.548314191216515034e-01 6.590963051518375915e-01
4.618461931856678859e-01 5.661593758732621495e-01
8.922605033073545133e-01 2.777671542067519095e-01
6.322722765357463581e-01 2.740492195487341798e-01
1.488021716067883249e-01 7.769432291743443297e-01
5.833852810074825479e-01 3.375111462913620297e-01
6.003327669003967193e-01 4.099269516490288701e-01
5.727945250151398326e-01 6.322282033945825219e-01
4.875167452405492208e-01 6.190058475314371700e-01
5.156616348861099430e-01 4.974974148008006747e-01
5.513420293426669616e-01 5.288783064774683629e-01
7.727995640683129608e-01 5.369178686977734705e-01
2.326043173016510424e-01 2.440350097673061602e-01
3.902281347247719689e-01 4.944674615683841701e-01
4.727282723419316546e-01 6.028877133767721608e-01
7.959338776799256276e-01 2.617919961451439237e-01
5.039024438580780307e-01 4.024596038474856918e-01
3.522520483929728607e-01 2.430788160052873570e-01
6.643463847380420839e-01 7.690201789847566083e-01
5.164540225380954697e-01 5.036270343776415581e-01
7.571461701204704742e-01 6.158746663589537151e-01
9.079071020789102331e-01 3.932579994208205143e-01
1.874084768155833691e-01 2.500226698605133580e-01
6.512614461524135478e-01 3.526823970046413237e-01
2.154816633646802759e-01 1.689530126686800693e-01
5.492701021795064475e-01 5.426212858614284373e-01
4.338844887217703783e-01 4.594775951591803520e-01
4.512297651336619198e-01 1.231642766393457600e-01
5.722701714219395885e-01 6.670136387177539872e-01
6.809130122626809722e-01 6.767608144655338220e-01
5.505549220464426297e-01 4.708504796068133103e-01
5.169549590450623899e-01 6.463084667997086585e-01
4.935459003178988002e-01 4.706787337606378463e-01
5.037855975095272276e-01 4.898227428287580398e-01
5.608002242053824471e-01 2.465021155750451165e-01
2.574270567796581588e-01 7.894645555810717585e-01
5.451934698548989155e-01 8.587787106142921179e-01
5.691586105369919046e-01 5.833222137931376450e-01
7.377851070137624312e-01 3.199284653136392209e-01
1.424920873578549574e-01 3.322928195148227015e-01
7.042762686699006736e-01 1.470527606763541439e-01
1.933780075914654506e-01 3.681246313778715473e-01
2.528273851178660658e-01 8.846619914071273127e-01
3.925526681852442579e-01 2.098532867361664334e-01
4.819864577948934636e-01 4.693423670303747963e-01
3.590845879154975218e-01 7.496669423293205181e-01
1.341575036857071690e-01 7.078103785728786512e-01
6.200902242331630676e-01 6.119876219468500800e-01
4.978014849590959856e-01 4.768342365610443445e-01
5.211285624794599336e-01 1.664404951811322420e-01
6.864582032285526658e-01 7.786595157067515149e-01
5.200856131581019781e-01 5.757142829555865760e-01
5.590044314053409513e-01 6.880061533391494955e-01
1.568693651590759575e-01 2.585527324611415212e-01
1.814323889537906020e-01 5.935140441116691923e-01
4.739319506748118083e-01 3.834665644747110580e-01
6.150287107423052513e-01 4.446217976330674726e-01
5.245599158454257172e-01 5.371962683960737062e-01
1.022082676629851861e-01 5.159980756874543717e-01
5.767231932164951225e-01 5.012436115175191720e-01
6.302698238213477744e-01 1.576450829541115595e-01
4.405953237289672586e-02 6.721249745448404367e-01
4.116081493539496261e-01 7.879319055937777927e-01
3.510171793212341074e-01 4.926880720161386784e-01
7.460180062442325344e-01 2.492613138219071933e-01
4.840954050006938125e-01 5.060929543593366553e-01
4.952520949028988984e-01 5.996767777336523553e-01
4.521809703695740534e-01 5.816892681383130093e-01
6.114346148318139385e-01 7.097439560328856478e-01
2.981009020789159303e-01 5.079583964698403120e-01
5.798638360477468279e-01 1.126496995541954038e-01
5.695773862628064066e-01 4.680353759069633135e-01
5.706189822102603060e-01 5.447952406965284045e-01
1.608157334386844939e-01 6.214373416356364643e-01
6.144412343149561195e-01 7.183260996454920999e-01
6.556224474369005684e-01 4.633932392067723338e-01
3.571636764866716329e-01 1.422248254693029290e-01
5.662681091114577514e-01 5.875295056554561413e-01
5.197888815111305627e-01 5.217967579276601153e-01
7.588564320011053077e-01 7.402183099384824772e-01
4.780099875902146245e-01 4.701750596274285598e-01
4.387749024719400093e-01 5.008577824938906797e-01
6.151765216564993866e-01 8.295623515176765439e-01
3.727781280006637887e-01 2.802154844109981946e-01
2.558445452959469124e-01 1.536349020446360902e-01
4.628977842551987854e-01 7.591580575643328554e-01
5.007222083189419859e-01 3.586037865791785184e-01
3.372829770585925591e-01 7.643822526884211932e-01
3.570969758648140369e-01 2.214991886714510194e-01
6.452430230050570925e-01 7.520827554337921050e-01
7.592191983600400373e-01 3.419146252550072651e-01
4.001960155024473775e-01 6.559312350527966018e-01
2.746265680700751277e-01 4.878655945291161533e-01
6.163488839564779109e-01 5.983196000311702401e-01
5.101500853957242620e-01 1.259170701080301602e-01
4.719441727326655900e-01 5.314945793121805817e-01
8.676354419334869617e-01 2.330018455713914749e-01
5.740345834335802699e-01 3.458737094039970872e-01
5.115973375416286162e-01 6.009445924856493537e-01
5.032828441927129637e-01 2.955627081875781270e-01
3.537931815115809564e-01 1.146008200369341701e-01
7.629972355337966139e-01 6.410261170796048846e-01
9.131738078217606080e-01 5.865359027553307403e-01
3.983450175839630125e-01 5.392627792137234533e-01
6.215443064196362055e-01 2.376711832099398514e-01
4.500417930393523225e-01 6.636422808793750461e-01
5.641311137240275775e-01 1.360063241811905743e-01
4.839119539339564180e-01 5.608818404579519745e-01
7.649330452605496156e-01 4.306917279675096522e-01
4.526820294338933515e-01 5.783555158282061015e-01
3.816485439363633270e-01 7.754137820984976504e-01
4.772243179311688732e-01 4.645115024999628139e-01
7.365776001960380182e-01 3.514305281353324872e-01
2.587964465842050865e-01 5.777350291872553889e-01
5.243230997193760734e-01 4.556150440498893395e-01
2.260214781312223087e-01 4.036084566980011612e-01
4.661782005650960681e-01 5.269676677701726764e-01
5.895995603865690216e-01 3.881606414120313264e-01
4.297420806166845630e-01 3.700910171982905728e-01
1.859195150744281655e-01 6.556592874339759458e-01
5.021332647973943963e-01 8.458219450127926198e-01
7.407539048109744728e-01 6.000922865843963949e-01
5.532309384773391736e-01 4.644911875051531691e-01
2.298763610435299864e-01 4.195813404719753170e-01
4.829430027293243333e-01 3.755180071098831451e-01
4.122416154595456850e-01 8.725978860847222185e-01
5.003387759719543082e-01 8.805169543728288417e-01
5.707293936767842135e-01 5.659539751201472235e-01
4.591859645463592932e-01 8.396295709590251288e-01
4.139114685911400304e-01 5.003032546617139920e-01
6.221084281552859974e-01 8.194906285368157572e-01
2.671309548433499215e-01 2.549622459795389817e-01
6.988193466533205722e-01 8.084764177943450925e-01
4.208723362773881815e-01 4.340609188887226133e-01
7.188544966094492228e-01 2.871124760244359586e-01
3.726435486885807391e-01 6.364295471471838050e-01
2.585692858086418577e-01 6.517556074226928953e-01
8.248574397993750917e-01 3.773812522700898953e-01
7.942327828399812217e-01 5.973754569287273997e-01
5.712624680793524368e-01 5.206244869195049141e-01
2.415606836105900490e-01 7.012743645726824404e-01
5.504344361817321563e-01 6.485522940566910144e-01
3.834584748796903142e-01 4.342861822694554785e-01
5.987645279847307878e-01 6.887260715048070248e-01
4.247068966273795931e-01 5.968442449993944798e-01
3.308526301124323776e-01 7.301767575308204528e-01
1.444633570374715403e-01 3.326332430297348486e-01
2.716603699943040406e-01 2.514641838136542074e-01
3.693281838695245400e-01 5.090970118205786488e-01
1.332165545558726127e-01 3.707261040579812317e-01
3.207724736375347496e-01 5.074470137044170270e-01
6.120707441511989977e-01 4.790767184222762265e-01
7.094183371950676387e-01 8.081501949306567623e-01
4.064225730767956346e-01 4.298237918586182982e-01
4.272468964361281207e-01 2.990230784370307426e-01
3.181524034956836333e-01 6.616078368147330080e-01
4.000664972420664989e-01 1.111578379807631745e-01
8.061230865515305322e-01 2.549384724586031825e-01
3.809416422052902540e-01 4.680988725992266120e-01
6.790419141192171049e-01 2.036497644845247090e-01
7.707675883045193022e-01 2.228463338037676156e-01
8.872716766950143885e-01 5.390653672650922434e-01
4.112518859597954490e-01 5.163944722921742780e-01
5.121734916082425482e-01 6.213838133466375035e-01
5.596574246808322384e-01 8.186372879920169598e-01
4.006868633911311317e-01 1.922207194821882181e-01
3.480012172289992933e-01 5.561072854125852505e-01
4.560521271397330323e-01 8.057558838046929850e-01
4.949226328164741950e-01 8.415079001338543474e-01
6.666872552495579640e-01 7.066509150564931341e-01
4.835054305501929606e-01 4.953255121586496723e-01
7.977979341528913526e-01 7.310993013466303703e-01
2.054846468726492237e-01 3.568954079087471309e-01
3.916714222746408014e-01 4.524974947748741649e-01
4.922281578973232707e-01 5.326756813806005075e-01
2.538206488875005551e-01 7.577550806325290544e-01
8.998498462350159599e-01 5.976078069121637526e-01
6.661178755485390734e-01 2.382743362902021156e-01
4.544162023646897142e-01 2.283504360428881275e-01
4.600361778377023980e-01 5.096825873494092995e-01
5.648428275343372329e-01 5.787911861847581108e-01
5.691538362036290266e-01 8.165615630803702008e-01
3.427999798642805684e-01 4.477099054375157094e-01
7.621806135874509280e-02 5.250891089955306290e-01
5.071131032976186059e-01 5.721401193404479502e-01
3.732801190269302571e-01 4.918733436539532988e-01
5.524486683827822819e-01 5.530874936403811226e-01
7.379578069304292276e-01 4.927684672158965662e-01
4.660985544840630102e-01 5.354281602080463998e-01
7.351655254246732829e-01 8.275039437193635328e-01
5.752533250630224027e-01 4.279758095354967429e-01
6.982700702768277479e-01 1.808102396448452720e-01
2.359063161594643354e-02 4.104536621952091235e-01
7.282177305711834414e-01 7.947535921041823936e-01
5.712404485348804295e-01 5.085484572887215560e-01
3.966639661756725665e-01 4.011700222855172360e-01
6.589492314637462878e-01 6.187120169465923913e-01
7.609821188401317826e-01 6.546174341312495093e-01
5.128748880691358369e-01 4.625900360463152672e-01
1.629024984984284719e-01 6.496021630139312553e-01
8.375771426357612182e-01 3.832320251168923053e-01
5.060184676280192750e-01 7.135666803468547759e-01
4.003144701271472705e-01 4.746265006635424499e-01
8.456448632286798217e-01 4.930743894681033357e-01
8.841313956205543167e-01 2.384333280835888025e-01
4.843524893466540360e-01 6.088826238248331579e-01
7.585493532088400936e-01 9.257487924177897343e-01
5.088035688537632106e-01 8.363014013247883627e-01
3.152965060709965739e-01 5.239296118122918067e-01
7.604074182492199796e-01 7.478965643217926340e-01
5.973416399251243458e-01 5.488953932380638001e-01
5.548056028270953455e-01 8.840769802438401825e-01
1.019916442842518922e-01 3.493000401907020436e-01
5.299108727715158285e-01 8.521111008905475348e-01
6.402085604023963761e-01 2.622451519030010725e-01
5.582657298440185656e-01 4.053716846183265665e-01
7.626855839365798140e-01 3.915137408925446483e-01
6.639658026444135164e-01 6.563225196161133201e-01
4.678081042537051704e-01 1.901700062139570213e-01
3.642565378035686474e-01 3.779248590572865663e-01
4.920053873547738932e-01 2.797489209768327934e-01
3.586364518742303220e-01 6.000231968658127357e-01
5.015813785888397769e-01 8.102613442123924870e-01
1.411030266713449444e-01 5.293799180530889270e-01
4.772842944239848451e-01 6.479191211738364320e-01
4.575740571299749537e-01 5.705528044934560228e-01
6.416067600671297999e-01 5.036682916634691587e-01
4.034496111584147116e-01 4.686702598727308100e-01
7.086346722437320000e-01 8.283572472929343622e-01
8.654134607901049492e-01 2.311893546109631825e-01
3.982098877878821885e-01 7.155141444557572283e-02
5.793832453397471660e-01 4.826466857262801669e-01
4.415586966986911888e-01 4.449353118295032994e-01
1.770055641612748309e-01 5.431634315264468604e-01
5.643823799052384294e-01 3.485283791616943239e-01
4.943932627735972973e-01 4.653719711042850204e-01
5.004913421401729900e-01 4.036198296623937365e-01
3.469743482745323293e-01 4.558637729452983400e-01
2.696642110118158131e-01 2.965181716287674796e-01
4.464436992683876726e-01 8.847645073543026761e-01
3.544232467516469365e-01 1.428916650485321238e-01
5.443036899722054622e-01 4.162885460468003229e-01
4.594560379083381108e-01 5.702749974425820323e-01
2.609875466901635521e-01 8.488872128957827279e-01
5.088601580490325071e-01 9.444612090171904395e-01
5.955585869930051235e-01 1.225455755871753261e-01
5.603238789345048598e-01 5.202565027278682752e-01
4.533431477796504572e-01 4.976773427537363181e-01
5.956264588100543822e-01 1.733890098264307400e-01
5.799618418920275964e-01 5.304248584808016753e-01
7.720953948583111348e-01 4.898496953548077126e-01
4.629108727023947267e-01 1.626606710846269510e-01
5.506299884907445152e-01 5.291691827086465461e-01
6.808670568900694331e-01 1.801820724907116644e-01
1.496893369844466970e-01 4.348287044181410876e-01
2.473168546828445336e-01 4.283583059621018929e-01
1.360595206814911307e-01 5.988402755760799945e-01
2.342781709933708378e-01 2.999652593059474182e-01
3.921512188394761789e-01 5.449303919924363138e-01
4.816767841872039435e-01 8.513855118882212025e-01
4.316133167310645669e-01 4.662457985914549297e-01
4.695248252025635560e-01 3.521981972713933984e-01
7.680951242150467762e-01 7.708017766507492263e-01
8.048321094062534931e-01 2.102172039816069815e-01
4.184102390379724201e-01 5.313965037955935555e-01
9.640985499701272277e-01 3.718075059214998035e-01
7.674269221328451351e-01 6.714319550676621784e-01
2.387372998438121452e-01 7.736492549008946451e-01
2.824407408775757022e-01 2.772891495701227393e-01
4.439029366416828437e-01 4.940233154890938394e-01
3.805165563306630583e-01 2.308453802343329309e-01
4.005072934590193645e-01 5.144611459157498734e-01
5.718479723850966590e-01 2.822313876971095370e-01
4.387089298113898694e-01 1.619405510163934858e-01
4.413141131750016877e-01 5.815606931099536192e-01
8.229929953882096916e-01 3.019729439320036901e-01
5.224427798922680610e-01 4.302432842311253447e-01
2.832351557098884975e-01 4.435967666487677930e-01
8.700725389552683708e-01 5.596280945513066873e-01
5.790840912455657019e-01 5.169801998656148312e-01
6.480303508646461097e-01 9.395397441837407548e-01
3.160747162897936668e-01 7.310944924340860851e-01
4.771179903707840619e-01 4.790111527553126414e-01
2.589981308647774094e-01 6.980044864942561711e-01
2.457887818579091166e-01 5.136360304036857727e-01
5.866787936520367897e-01 5.148694376538448525e-01
5.615906266818063708e-01 4.051150558655997602e-01
3.027500811427781269e-01 2.395306321685571893e-01
3.897816288567667042e-01 5.155765132487614144e-01
4.865951443480619476e-01 2.534521733439804025e-01
5.009911457383685596e-01 4.881894043313572129e-01
5.544626124776740328e-01 4.979128150951550036e-01
3.509988966068935401e-01 4.853027411927713364e-01
3.440515984617877887e-01 5.019627448681491799e-01
5.495906589529537811e-01 4.368237824194203256e-01
2.127743203105685321e-01 4.486654464342636484e-01
6.044323489796206150e-01 4.874014606671281391e-01
5.800703488648201178e-01 8.653670374236213103e-01
7.761858707608657593e-01 5.803341400262900240e-01
6.181039839035268324e-01 5.699139816014529014e-01
7.025321881766137810e-01 7.264162544846415326e-01
4.981733500014654537e-01 4.209472174830694025e-01
7.373582070632571650e-01 3.711587379760218353e-01
6.609463521323837298e-01 3.291623340836846712e-02
6.110694858439080779e-01 3.294970785053507600e-01
2.495696309750244923e-01 5.566664729386031629e-01
5.465050812674683289e-01 4.083474148826346517e-01
8.382148319579706408e-01 7.435426082517672119e-01
5.130124768955416359e-01 5.225272728349817930e-01
8.865322273216907911e-01 5.898092077521870369e-01
6.870815432460525285e-02 6.907772462457242302e-01
4.208248252697165404e-01 3.866308573206098109e-01
4.419978983498846770e-01 3.821299140582805620e-01
4.598809943924475063e-01 1.624449720902910177e-01
5.002609040449260691e-01 5.484612226232699062e-01
6.251393953662001124e-01 1.074312391070365025e-01
4.504982384720880861e-01 4.234201597353191016e-01
7.190587500016101252e-01 5.362072564297788446e-01
6.995109048123707707e-01 4.240260012053612693e-01
5.298475596241762897e-01 4.028751141049158324e-01
1.459820998226311062e-01 5.581839331386365677e-01
4.007055443303982889e-01 7.731152098569999964e-01
3.971186631054410832e-01 1.632949661479360381e-01
5.921433604680091944e-01 5.723793085017068183e-01
5.764346601809159365e-01 3.567509841171977447e-01
4.754774505066045598e-01 3.706543123865667644e-01
7.715252694923013799e-01 2.680733819324473410e-01
4.917199816860254868e-01 4.486212563996201386e-01
4.263457918513265943e-01 5.750200478479170485e-01
4.252959012562578245e-01 6.779965403708582139e-01
1.015976083911586669e-01 6.554861847817209375e-01
4.086925677776206411e-01 9.165342363178681229e-01
4.538623694423513655e-01 4.781209650345471518e-01
6.807322005468083859e-01 8.035200489284282099e-01
5.872910281630319140e-01 6.988732377168698218e-01
6.700834840588176800e-01 5.824425668025483560e-01
3.839831172726915764e-01 7.744205953972163048e-01
3.901770230385135374e-01 1.151644511635542267e-01
3.690313549277138283e-01 3.623940546335298052e-01
6.350546610832216166e-01 5.829535314271317992e-01
5.559438005048151776e-01 4.731597000327640856e-01
5.040546123699645165e-01 6.017704415487499237e-01
3.073705770955361682e-01 6.853631769937590379e-01
4.071697815265906129e-01 4.718339657689900601e-01
5.959140026679623503e-01 5.194783440781490791e-01
5.092769525304652323e-01 5.885355263183102981e-01
4.029458549851627769e-01 3.378144692173027375e-01
6.092747308234224279e-01 5.247314564641902823e-01
4.477698874180364719e-01 6.800751044187519634e-01
2.166020596166638446e-01 8.279278662812088463e-01
3.681299603024889011e-01 4.839591361628154398e-01
7.872090537667231214e-01 4.799714463045283708e-01
5.500471315869910338e-01 6.674241362153477963e-01
5.075548279794029893e-01 3.671329898997428565e-01
5.358182731644399732e-01 7.858192388089924041e-01
5.206058271749904875e-01 4.304160292578735336e-01
7.897484045192832980e-01 3.226588435387540144e-01
5.328047922097824962e-01 8.062097742708389525e-01
5.443856691420854155e-01 2.032627358583418697e-01
5.531234154114217372e-01 4.163789168115475947e-01
5.293140879038761293e-01 4.353116329134066875e-01
5.875685054288348752e-01 8.465220092396722462e-01
4.437290846688121126e-01 5.327701504859654325e-01
3.321997957088828057e-01 8.742513163891775241e-01
6.465870462444598399e-01 3.877129909847433220e-01
4.683581195281279475e-01 4.259402606335925268e-01
6.919671981087909263e-01 2.261741986083406486e-01
4.777698394977907270e-01 5.632714762631937377e-01
5.680281675491309912e-01 3.609007242260465764e-01
7.519372707247173881e-01 5.742158328882658314e-01
5.204238088463631895e-01 1.000000000000000000e+00
8.283960895011726056e-01 5.413967112013501337e-01
3.723691661541600473e-01 4.019992905145581830e-01
3.343829547828812698e-01 7.244696506905842215e-01
4.799463813156704672e-01 4.615154219985286299e-01
8.412665516342837657e-02 6.497726928851933481e-01
4.327614017835756943e-01 5.612710126946803824e-01
3.409875885376967286e-01 5.389972856913675114e-01
2.928603158329421974e-01 5.994525343753344115e-01
3.565473506688940919e-01 9.416500162076874014e-02
6.395174510436496540e-01 8.427447504515184207e-02
4.459756550172415679e-01 1.192317030622969676e-01
4.944452789500471401e-01 1.983742736865987677e-01
3.827923627696537268e-01 4.683090591506951506e-01
5.108962016818616725e-01 6.272274258128236468e-01
3.434357096193411119e-01 5.443270522807114320e-01
3.737505368735045130e-01 7.203758392925208032e-01
4.651382920982348734e-01 4.670491515744760180e-01
4.449400048199022017e-01 9.311132606489014307e-01
5.899822187654616412e-01 4.447860057567061820e-01
4.368990646217553731e-01 4.635441305262634759e-01
3.156162167187486212e-01 7.647725367259434748e-01
2.617549970290273809e-01 7.170569858474448166e-01
4.516127307335262020e-01 5.499545262517659960e-01
1.614700088272705281e-01 2.608157732116793137e-01
4.790895233727173741e-01 2.003331453030313125e-01
8.183397859536361008e-01 3.362007031133081858e-01
4.862634730578062614e-01 7.607775896900992318e-01
5.197014274243431098e-01 6.029619992650805393e-01
2.576890391015945747e-01 1.711207021957709684e-01
4.922146070956193165e-01 4.049101813671357464e-01
8.087779419862749508e-01 3.975081446121443984e-01
1.529946297566625035e-01 6.089125102046137883e-01
5.294434741494336016e-01 8.624490062597591766e-01
4.883738569050429246e-01 5.243491582605738222e-01
3.731081108873071650e-01 5.756631132311949006e-01
4.226211747538367591e-01 5.522883583628154236e-01
5.326345974416234474e-01 5.444054159092538425e-01
3.041521822921818829e-01 7.171155978303697109e-01
7.681196577956432847e-01 6.067531687065221835e-01
4.906792997267910295e-01 5.731596633062916446e-01
2.804502223315054055e-01 2.341141833619573842e-01
5.594556138218884644e-01 4.694957649950460832e-01
5.371613882236722093e-01 4.645099262022590048e-01
2.623777283691295370e-01 7.996799616380005915e-01
6.742848932904422776e-01 4.748187046905318343e-01
5.193222330518701968e-01 5.754425142541441662e-01
5.861765699678281871e-01 6.072865213188070044e-01
3.454395800709688658e-01 4.643902409470910819e-01
5.207027553177567825e-02 4.984691001247307240e-01
9.669212376179470159e-01 4.511768034192362165e-01
2.502956569184437430e-01 5.862205136088826096e-01
4.439978674174182016e-01 5.001875599049300236e-01
8.356598622606592475e-01 7.477081369079896511e-01
4.031013698950857704e-01 1.620052156077907424e-01
7.941286087040229091e-01 3.507249511998706826e-01
6.289136304796110188e-01 2.000860094936091071e-01
4.108897676413776345e-01 4.137097374677024542e-01
5.860652027463596481e-01 5.845021679847257623e-01
1.018282643818592126e-01 5.248398523812710659e-01
4.441052417675064867e-01 4.914166286851304744e-01
6.277141278840081551e-01 4.052129898077754810e-01
4.982764600833483049e-01 5.297292806570020884e-01
3.871987395901537732e-01 3.038387654996301257e-01
2.814447596971973997e-01 2.711861574314307077e-01
5.477122407603206566e-01 9.130167196203158309e-01
3.324445765999677893e-01 5.084784777045291415e-01
1.931938585010489762e-01 7.181365843444290631e-01
4.163753337953408629e-01 4.966819913313254564e-01
8.232823195489578083e-01 3.570538614609251038e-01
4.415829157723740739e-01 6.194665435162393097e-01
3.056112677650247855e-01 2.762148653064622206e-03
8.378397992761523749e-01 7.714693179501197484e-01
2.455581928771316258e-01 2.369701410055790602e-01
3.910269267786631309e-01 4.134557671005185675e-01
5.509171146794560325e-01 4.451048431797713367e-01
4.968942119099749033e-01 4.210942575131175758e-01
4.552523315953352356e-01 3.125031778933597959e-01
5.279080858208318183e-01 4.337788364169626876e-01
7.998235159529938354e-01 4.377710273873823832e-01
8.095903320562021221e-01 6.466311315902535384e-01
6.328524901271336267e-01 4.796761295747620224e-01
4.660401242799254717e-01 6.066274154084619896e-01
5.487213806210544664e-01 6.294740099952901291e-01
3.846907106318477321e-01 3.825958958515272568e-01
4.755538061515005577e-01 9.594454611227809515e-02
4.955911864461237659e-01 4.846432516754789477e-01
7.196667825507454541e-01 5.942779220115834704e-01
5.236906851605238611e-01 4.836236038221871647e-01
8.559571152922773596e-01 3.955604565217805124e-01
2.885304723549427797e-01 7.363774399026081774e-01
4.332302507577527884e-01 8.266933908175113643e-01
5.143983613275587841e-01 5.558650545007024490e-01
5.782119524427052903e-01 4.837139565199432001e-01
5.589298864249556686e-01 4.092996817626151085e-01
3.449116467807838982e-01 5.020964530396742065e-01
3.636954649364231296e-01 4.932192410944064576e-01
6.387729297381182780e-01 5.984547304224284714e-01
5.494086726509775920e-01 5.328957831295433323e-01
6.479157452105666071e-01 7.996908328731590077e-01
4.929920859101636910e-01 4.285823230269255046e-01
2.836966400461399807e-01 5.129042014815137218e-01
2.095261763176229919e-01 5.129475024754931445e-01
3.731264570035724426e-01 4.132655417641972750e-01
4.353439026111789456e-01 7.350128710613262895e-02
4.788423674493236248e-01 4.008256168345809001e-01
6.363661579819632763e-01 5.906325160101962846e-01
6.900983236945322785e-01 5.873956269462212720e-01
7.460130766775117106e-01 8.315229693442965919e-01
4.956440346077034542e-01 4.836951717857366773e-01
5.285981187515964574e-01 1.684332592360061609e-01
8.130135652543288849e-01 8.702572964155379509e-01
3.272981674755126580e-01 1.190386424691075584e-01
4.605633842908823938e-01 5.694995865512562094e-01
4.011998639128978583e-01 3.677029995949432362e-01
6.767625757781454698e-01 7.508044485790106304e-01
4.041815234458416839e-01 4.078985208822617503e-01
4.625161000597644012e-01 4.303601197895868813e-01
2.528057770720677500e-01 7.586377832099020502e-01
5.686900952279667631e-01 6.428194213462914419e-01
4.021700893145792044e-01 5.476287665394883319e-01
8.496137896640767462e-01 5.749280168206739594e-01
4.935399934800030475e-01 4.309255009484488363e-01
4.199855182248500296e-01 9.059471747521405938e-01
3.126374583093162185e-01 4.315182587231703448e-01
4.125464394482764585e-01 5.680291757781001927e-01
3.141046336928130511e-01 1.476824483007116440e-01
5.824502577518523294e-01 7.711301497373203029e-01
2.548396109676497323e-01 7.037540078835067270e-01
2.668916961332331583e-01 7.320095400482038439e-01
5.101432538136545514e-01 5.272555274483341492e-01
5.297734100723887618e-01 3.723212693584774802e-01
5.128915575419886741e-01 5.154638142260060674e-01
5.009230007404920082e-01 5.523825595406818278e-01
1.731746031914044859e-01 2.269174056921932081e-01
3.668681161446347150e-01 5.988125479794178530e-01
5.409837796792430487e-01 4.705388206923639682e-01
7.925826915426446018e-01 7.853290111522204242e-01
7.185436808339502601e-01 1.994802122682385881e-01
8.322542559165401199e-01 7.031607454210381247e-01
4.006355957806257417e-01 4.102070041759192653e-01
4.149256830394650875e-01 1.739071104784237765e-01
2.036044132728971334e-01 5.925367806777736002e-01
4.176476023947409688e-01 3.999570792293334898e-01
2.036855909955632149e-01 4.827854366887850968e-01
8.143634517103712778e-01 7.061770632178799856e-01
4.557402000151693500e-01 5.652406639513007924e-01
5.261382613463790880e-01 1.776652151000459035e-01
5.990126058661349173e-01 9.685249631666065229e-01
4.467809726995114472e-01 1.738947775549445351e-01
8.432743917247442766e-01 5.885850189649939335e-01
5.658616754816512273e-01 4.379426747184327895e-01
6.667048183585402299e-01 3.389091073758967454e-01
7.377987859885130062e-01 3.386420453889000814e-01
1.246425442695668351e-01 5.708305701411495736e-01
4.528954644525960971e-01 5.545813994807392566e-01
4.274876401272780790e-01 5.063055824500135582e-01
5.362708229847993335e-01 4.505907480392155606e-01
5.679452370501014702e-01 5.695988142050570913e-01
4.672944631306790719e-01 4.252611309521038274e-01
7.359614643600320694e-01 2.235553821636603877e-01
4.206391988625867717e-01 5.124698031214998117e-01
3.139633058480517103e-01 1.483207500140266144e-01
6.089096454416081938e-02 5.308069222850969604e-01
5.215122335769871720e-01 1.253074116360503032e-01
5.692179770957789264e-01 5.363582788831635639e-01
3.394200363210986282e-01 8.597987873999033415e-01
2.847818872397954726e-01 2.909412931250883183e-01
6.527927711387528920e-01 1.276958598976820625e-01
7.405823042003429890e-01 5.570592886183493020e-01
2.047825260507116774e-01 6.162041229835225620e-01
2.750493879751001458e-01 9.085258988683910797e-01
5.297470696014514591e-01 3.906894015925688746e-01
5.932209385455687878e-01 4.759847946058051171e-01
6.563090461131434461e-01 4.948183226887619135e-01
5.899561874350123247e-01 5.043129308256996124e-01
1.740901760445381363e-01 7.097029916856556486e-01
4.769422245961318918e-01 4.970422097058341815e-01
3.602570787416572440e-01 5.158976405577651025e-01
4.193085015197735577e-01 3.747270625438537950e-01
5.355940607249007890e-01 4.025962554556484219e-01
7.027267433756116954e-01 4.564584292603033333e-01
2.058816514694052358e-01 7.880208068863714388e-01
4.330996273312316402e-01 7.796308502402613527e-01
6.580833008743367518e-01 7.668953373883016233e-01
1.765976556903043893e-01 5.691518121035071820e-01
5.325614739628465877e-01 3.742048841766056899e-01
9.741190536514031661e-01 3.983856424385899819e-01
4.858408416309125122e-01 5.504920997810575090e-01
8.899250321213321158e-01 4.177034849932385052e-01
5.644583301775160100e-01 4.549743605463771878e-01
4.433323295554366106e-01 4.885338075946288883e-01
4.195666329764780600e-01 4.970792356442176319e-01
2.607292829645228016e-01 7.893910302492903597e-01
4.209884978935778954e-01 3.551279935002331078e-01
6.472573616366581462e-01 4.992391196574494927e-01
7.764809045448141100e-01 4.540244328211621161e-01
8.338078663013801517e-01 4.124139487771244506e-01
2.008637436021351586e-01 1.308033928605031315e-01
4.418139311232510691e-01 4.603523478636308841e-01
5.271443631307594080e-01 4.257047293117480202e-01
4.219440615426720553e-01 5.501573522070998257e-01
4.571261853204520165e-01 1.645584156866304326e-01
4.240838534323251308e-01 4.757995353750905654e-01
7.902872253933472813e-01 5.575560038955267306e-01
1.438033689831786366e-01 7.426651370993355705e-01
2.890015852016540876e-01 8.435895682944520857e-01
5.180851956140760661e-01 3.554575165945476622e-01
7.739671368334033463e-01 3.038217508780211018e-01
8.012405534299740228e-01 5.841806271887983737e-01
4.216257130162234801e-01 5.056301795988914494e-01
4.446875357224071568e-01 5.064033391377189552e-01
4.939108694532604593e-01 3.552708183723707891e-01
5.529888677593175483e-01 3.705409314128456644e-01
5.394365030135099826e-01 9.547222340447292233e-01
5.468005213546893728e-01 4.574938477340530496e-01
5.580436612377532857e-01 3.769462099574778513e-01
5.370366231214325214e-01 6.538164036104198162e-01
5.234071235260745469e-01 3.741007553165185406e-01
6.323622589002173555e-01 5.585156628707735882e-01
6.931951042927575468e-01 6.845658021318064002e-01
3.929470150459400957e-01 1.849971900281219273e-01
5.054499636400241469e-01 4.813892615739307490e-01
3.936211514210187223e-01 5.170657818824171414e-01
1.509637972945004347e-01 5.212041259353570322e-01
5.996180112917796068e-01 4.647896473388878902e-01
4.182948703327479256e-01 4.855322774099699035e-01
5.474903245729448864e-01 4.302179966567733493e-01
6.034191049839414678e-01 3.946940519373193235e-01
4.949675248132923144e-02 7.496251066277311859e-01
5.757705162610322613e-01 3.992942097248507460e-01
4.536117260014773667e-01 4.483334479620510460e-01
4.091329685488740986e-01 5.107109589546613426e-01
4.274858593881775692e-01 4.574838825774600326e-01
4.374203441177314522e-01 3.806571735352533015e-01
3.383319723610325180e-01 8.606526216576315669e-02
5.657877847826781048e-01 3.819052473534771952e-01
7.898378368188689880e-01 4.123374248989568058e-01
2.776944903236753248e-01 4.319150679283671468e-01
5.835145918029223111e-01 4.994086204890280101e-01
4.575796260560770490e-01 1.199185015443286484e-01
4.731633878658746406e-01 5.531886973308164368e-01
5.707797477341036707e-01 5.464884936207834443e-01
4.492224631090266929e-01 5.881819048982130926e-01
8.077056252223673294e-01 6.005243837377877147e-01
5.612493231119982662e-01 5.139582257218575645e-01
5.647550548459265851e-01 4.954937533343825029e-01
4.633203230643262449e-01 5.043135714462354535e-01
2.712420358742037019e-01 6.962968856194299283e-01
5.244640973054447430e-01 2.140560052083098630e-01
4.034297132461909241e-01 2.100507357592639179e-01
3.795750641245382861e-01 7.002999070614069899e-01
5.321538856376258897e-01 5.160518494311604476e-01
5.334876876359460063e-01 7.992528740376065866e-01
5.412757253572937355e-01 7.011757289673334892e-01
5.939373161164722692e-01 5.051846866821629867e-01
5.370666638798280434e-01 6.921787893384427903e-01
2.238508677184083973e-01 7.673820336136374376e-01
3.940464035641544349e-01 4.282175406467505496e-01
5.327905125562296673e-01 6.304460699619371944e-01
2.002962456248688627e-01 5.918068116256454125e-01
4.452794790903749078e-01 8.025801379557888637e-01
5.548344981308181989e-01 3.961641238862662062e-01
6.481584029798949098e-01 3.943497770541433134e-01
3.769078363774873708e-01 5.397546546565917813e-01
3.624850576472724573e-01 6.137345155927743656e-01
5.369979781181780654e-01 3.389781469863561991e-01
6.021663765750862041e-03 4.928040713590363109e-01
5.374327299946453085e-01 5.279883942236304195e-01
1.982953546985480875e-01 1.854270966102202767e-01
1.861104023730456025e-01 8.118688162560276922e-01
4.728410468119366161e-01 5.584169045531985898e-01
3.308240471536366689e-01 4.251388960544840723e-01
6.280789058682748616e-01 5.936490821956212915e-01
8.527635433175437818e-01 5.347676184891527740e-01
5.363132712059764939e-01 5.477690396505219272e-01
5.558277163048062075e-01 1.630389551758653632e-01
2.019484514285114773e-01 6.056430416549344331e-01
6.413926250370187709e-01 5.735643814025461751e-01
7.806827554370583400e-01 7.297806748308963698e-01
5.096740275836076917e-01 4.800038709816917271e-01
4.363682469861974167e-01 5.092380819556143745e-01
1.823511901430510673e-01 6.473346114364872950e-01
2.172846665880639461e-01 3.890899039531112158e-01
6.178924931844429480e-01 3.478087350695043822e-01
4.126140386805793869e-01 3.964728880057786786e-01
5.780591595844992714e-01 7.837289688212099037e-01
2.442300155018245766e-01 3.825675353452906435e-01
4.432972774629864721e-01 5.284992115497713083e-01
6.791923169609042077e-01 5.079219904635979832e-01
5.102509887149128120e-01 5.979848156065650233e-01
3.892850151256583846e-01 5.090483202278895947e-01
4.192266782693076510e-01 4.529891773954083378e-01
6.354814108974424780e-01 5.395104258035917644e-01
5.794491562054305822e-01 4.916951060217946701e-01
3.020771613538406064e-01 5.218599062526845245e-01
2.750010081688358810e-01 1.806505367052453903e-01
7.260077866842333805e-01 6.763953130707700545e-01
5.928949347404841586e-01 8.794770768538474615e-01
3.004310179875409048e-01 5.984649001312648542e-01
4.737047661928557307e-01 4.792349557076220345e-01
2.224602517987181449e-01 6.776090773854469562e-01
8.838082308415364796e-01 5.719226295025197082e-01
6.895510690359268891e-01 8.332672278779873487e-01
4.899204568775724633e-01 5.441121033171214538e-01
4.792574571922011972e-01 5.633752762095642908e-01
4.858561229790408498e-01 6.494078813254512417e-01
5.644727836484353389e-01 2.480655329776411400e-01
7.546225895655521709e-01 2.279486258258677789e-01
5.657537329174131546e-01 5.465314677519161890e-01
8.191195260447079463e-01 2.808806381407036867e-01
4.388064174623567126e-01 3.428549222385192663e-01
3.249662102978847500e-01 2.382244739082253204e-01
7.059827130011564478e-01 1.542977255729405806e-01
3.841812812364047147e-01 5.738126281556096275e-01
1.827370284298574510e-01 4.697014680988977897e-01
4.522012200384747937e-01 5.410385973196069065e-01
7.295223244304704924e-01 6.985268434853634245e-01
1.546040209640853202e-01 3.916187278740823619e-01
3.673184156474524342e-01 4.879414758729057056e-01
2.207751081340871835e-01 4.088325363478776953e-01
4.928251497165776485e-01 4.666098769672818447e-01
8.301624668264232509e-01 3.939851215121251693e-01
1.393281205121291721e-01 3.086050866698122341e-01
4.813369288682858849e-01 8.406819834589002172e-02
6.628224224558614264e-01 4.352676402398137911e-01
6.582205537633019077e-01 8.059397685723153071e-01
5.702713989830985319e-01 4.763894206260433362e-01
3.458538617115609615e-01 5.839178036454240051e-01
3.628792430888102549e-01 7.731883738456032384e-01
3.521547805111845397e-01 5.482921470054646917e-01
6.519597954569418263e-01 4.982893732222075101e-01
6.391675435614323497e-01 6.501052228384210929e-01
3.809643526250546253e-01 6.126092184444351663e-01
5.282590782260778717e-01 4.364443493057537093e-01
4.548423251776167464e-01 9.978907416594162694e-02
7.719291137310413387e-01 2.852628049307019964e-01
5.715098058250909219e-01 5.778442371529954880e-01
5.030658400676321085e-01 3.966806626897688703e-01
7.652673508686824722e-01 6.517267990649219245e-01
4.022476558948591685e-01 2.947742615775309494e-01
3.903112156701570301e-01 9.018462850885676785e-01
4.942894181610869020e-01 5.449079448863564101e-01
4.045434205457260068e-01 4.352472196007511340e-01
7.593725640370203589e-01 2.779674025301616114e-01
1.063381524051136284e-01 4.544273946872823822e-01
5.216104464030847376e-01 5.295332308926468112e-01
8.058394284438963329e-02 4.868340085406752671e-01
1.946185357095312485e-01 5.849035325269160701e-01
5.161642642371503387e-01 5.674207648380019675e-01
5.351026499358269017e-01 4.755282108487781101e-01
8.363278080259837211e-01 5.957463825928950296e-01
1.929566866782328471e-01 5.440995097188734420e-01
4.551367362476032574e-01 5.018947938357408711e-01
5.517981909179601185e-01 6.797987088693419055e-01
8.964534188424010397e-01 4.458530028179589211e-01
4.410992838974209795e-01 1.795994808015614064e-01
5.658983088954612217e-01 6.714674774342609398e-01
7.295023047144428840e-01 2.057244683877911262e-01
3.899247155150205035e-01 7.604408362730574744e-01
3.287155635561811451e-01 7.534195231444447138e-01
8.628530610986537841e-01 3.661595492389120299e-01
4.848589835956119698e-01 5.728329801754270534e-01
6.648562937610983381e-01 8.063048965259314027e-01
4.858861282323189701e-01 6.136328289175211337e-01
5.124256361191750209e-01 5.933719807086241804e-01
5.497138272547078541e-01 4.693007945924672630e-01
3.120730793065311648e-01 2.748825611454073226e-01
5.044713958857039993e-01 5.259256943559169617e-01
5.340132462616890008e-01 3.866215447003765737e-01
6.573475524311265250e-01 5.929885334409001896e-01
8.100398587719073173e-01 1.723629194399682873e-01
4.935781384939457728e-01 4.155248648280661650e-01
6.503587573685564172e-01 4.540402762334548314e-01
8.323425960257957446e-01 6.225847148029027833e-01
5.254777488011616038e-01 6.232745608004022220e-01
4.453312733886763408e-01 4.601183812793946948e-01
4.179031694478840264e-01 4.040525465774003622e-01
1.389196162171267845e-01 5.028580889157665545e-01
5.621860607120023889e-01 9.559603733679378212e-02
4.884845327205413756e-01 3.617439940575728485e-01
6.971781163915311552e-01 2.451023853065164848e-01
7.324264006998719712e-01 7.592695246788583319e-01
6.870786645221380606e-01 2.854561927664079346e-01
4.656115159558356087e-01 5.002070298302964124e-01
6.049778221913253429e-01 5.626822930331712991e-01
5.792954306831405997e-01 6.284090190585642777e-01
1.758990730408119818e-01 6.861365736236296753e-01
7.636080208965168037e-02 5.905444152836037963e-01
8.095244457453911746e-01 2.847148454703795073e-01
4.517801714318653294e-01 1.243394940944380078e-01
4.858511450480415550e-01 3.977499701018786249e-01
3.709288571441816118e-01 6.554534055826081174e-01
5.691113250003566604e-01 1.997914904054474694e-01
1.402216917583619660e-01 3.143876633366468054e-01
6.494286648753082591e-01 5.834682500391487059e-01
5.645822272896258154e-01 1.386309789027328487e-01
4.094021972545761057e-01 5.632053292174885595e-01
4.878601428363772974e-01 5.087328305168480336e-01
1.251608086834122835e-01 3.442437098902081383e-01
6.329915594647683719e-01 6.874063193315875786e-01
8.736236944229786028e-01 5.485028182257970508e-01
8.398163594367649143e-01 4.409696898479155691e-01
7.772714734026098249e-01 6.851922499167526492e-01
6.661966193190116403e-01 5.926789935021604672e-01
6.568754236196758800e-01 4.872963189571822840e-01
2.230076324916710484e-01 2.999498333907226755e-01
3.141401369496948925e-01 3.061166518885202192e-01
6.823270168120184609e-01 5.513479500775781972e-01
7.250530787477658112e-01 6.810743572327332407e-01
5.536619333734856818e-01 4.760247799992295414e-01
2.111873738158801528e-01 4.152575562185572000e-01
2.273586233797219580e-01 6.347761447458905026e-01
7.597753770804254181e-01 8.447199660813820010e-01
4.841258670353467131e-01 4.315930888026503487e-01
4.648569658212660660e-01 8.013822264801186979e-01
1.566540363772011002e-01 6.935562408353002084e-01
4.672360433777811295e-01 4.598687733714108550e-01
4.556940973225264147e-01 6.620755715174950762e-01
4.409955668679436669e-01 3.546466511257448939e-01
6.125953159241908086e-01 4.625416162359983763e-01
1.722882944797212157e-01 4.052157166070929906e-01
3.985173826680893927e-01 6.195987575718777673e-01
5.204547189495694060e-01 6.382669890996650608e-01
4.119520358694289119e-01 4.430688756887870006e-01
3.992796818414636739e-01 5.167738937765166130e-01
6.520802316204382665e-01 8.703698737996230506e-01
4.033640162830313125e-01 4.475514018475082456e-01
4.728788787186840592e-01 4.839053949065080795e-01
2.347715873021907207e-01 1.615090785672519957e-01
5.716184472811753903e-01 7.024729572319223792e-01
6.187677956138404323e-01 5.898801112976422845e-01
2.233294336705190508e-01 2.130275167562136751e-01
5.592131601289108689e-01 2.989557719963518156e-01
2.120463167955075057e-01 4.275868705043011087e-01
4.385098849270969157e-01 4.580828729957689971e-01
1.349671977912498821e-01 3.747667037189088557e-01
4.149406513401237562e-01 5.278992087939970990e-01
4.625534962928428695e-01 4.176157937989002367e-01
5.890421909978711401e-01 5.699469492463069553e-01
5.645391168350072375e-01 4.824077906588752906e-01
4.018333998102355809e-01 6.098541766938844200e-01
4.641792769526045803e-01 4.241107588443697729e-01
3.024048077304412052e-01 2.322114100743724041e-01
3.887306253826660063e-01 4.506101128534256706e-01
5.452105190794760414e-01 4.265073772602407387e-01
8.624007584324837605e-01 6.843622352474043602e-01
5.188423064502433180e-01 1.730758530907130499e-01
5.320291685695847095e-01 4.976718698436647381e-01
4.451197656100869815e-01 6.235466222391037316e-01
8.103316382081179325e-01 2.224955665979292951e-01
8.198054819423492567e-01 6.827207980491907247e-01
2.502379483050740649e-01 7.887149610361969820e-01
6.174021383539879393e-01 5.496074460648697757e-01
1.671408134188946959e-01 5.008621554159471412e-01
4.325642009032797386e-01 3.850658757867916338e-01
5.125116783909183793e-01 4.040509543557021521e-01
4.952320190608444084e-01 5.795861219845789281e-01
3.189718737163572126e-01 3.062748374643562421e-01
6.963001656034796261e-01 7.773341170095646735e-01
6.644986598933000366e-01 5.215985423824556211e-01
8.686169689853353582e-01 4.861639009139715473e-01
8.424288620034852126e-01 5.883231664005452721e-01
6.103915651872732218e-01 5.501188562280541205e-01
7.050826878387270735e-01 5.670489924996635622e-01
3.995396218857801829e-01 1.249508249763613410e-01
5.307375035678495445e-01 5.305467688050184982e-01
4.998502965855322056e-01 6.585715455530805063e-01
7.659144410400617886e-01 4.025215108090813843e-01
3.537338806543860459e-01 7.425918818727442750e-01
8.409208340088505373e-01 5.413724584142833862e-01
4.211438559252537184e-01 4.718830917916289058e-01
4.686926942473648716e-01 0.000000000000000000e+00
8.023723426738973430e-01 6.282423803672207985e-01
4.639993279266405035e-01 4.406689140757084067e-01
7.764927389355822385e-01 2.115851165054715710e-01
6.165754249064326897e-01 7.242936013915520777e-01
